TPAR
20090825.000000   0.538   10.875  180.0   30.0
20090825.001500   0.694   10.500  180.0   30.0
20090825.003000   0.570   10.278  180.0   30.0
20090825.004500   0.555   10.375  180.0   30.0
20090825.010000   0.691   11.000  180.0   30.0
20090825.011500   0.615   10.500  180.0   30.0
20090825.013000   0.620   10.438  180.0   30.0
20090825.014500   0.572   9.938   180.0   30.0
20090825.020000   0.681   11.071  180.0   30.0
20090825.021500   0.419   9.889   180.0   30.0
20090825.023000   0.423   10.611  180.0   30.0
20090825.024500   0.502   10.389  180.0   30.0
20090825.030000   0.581   11.125  180.0   30.0
20090825.031500   0.608   11.500  180.0   30.0
20090825.033000   0.426   10.875  180.0   30.0
20090825.034500   0.421   11.313  180.0   30.0
20090825.040000   0.521   10.556  180.0   30.0
20090825.041500   0.490   10.333  180.0   30.0
20090825.043000   0.360   10.250  180.0   30.0
20090825.044500   0.562   11.000  180.0   30.0
20090825.050000   0.514   10.875  180.0   30.0
20090825.051500   0.586   10.875  180.0   30.0
20090825.053000   0.383   11.813  180.0   30.0
20090825.054500   0.502   10.438  180.0   30.0
20090825.060000   0.610   11.071  180.0   30.0
20090825.061500   0.566   10.813  180.0   30.0
20090825.063000   0.340   10.500  180.0   30.0
20090825.064500   0.475   10.944  180.0   30.0
20090825.070000   0.386   9.389   180.0   30.0
20090825.071500   0.592   11.000  180.0   30.0
20090825.073000   0.515   11.286  180.0   30.0
20090825.074500   0.536   10.875  180.0   30.0
20090825.080000   0.587   11.000  180.0   30.0
20090825.081500   0.508   10.688  180.0   30.0
20090825.083000   0.679   10.357  180.0   30.0
20090825.084500   0.594   10.625  180.0   30.0
20090825.090000   0.570   10.813  180.0   30.0
20090825.091500   0.550   11.500  180.0   30.0
20090825.093000   0.706   10.214  180.0   30.0
20090825.094500   0.682   10.357  180.0   30.0
20090825.100000   0.448   10.571  180.0   30.0
20090825.101500   0.413   10.563  180.0   30.0
20090825.103000   0.586   11.071  180.0   30.0
20090825.104500   0.670   10.688  180.0   30.0
20090825.110000   0.605   10.500  180.0   30.0
20090825.111500   0.766   10.357  180.0   30.0
20090825.113000   0.530   10.429  180.0   30.0
20090825.114500   0.614   9.938   180.0   30.0
20090825.120000   0.488   9.875   180.0   30.0
20090825.121500   0.494   11.125  180.0   30.0
20090825.123000   0.559   9.813   180.0   30.0
20090825.124500   0.525   10.438  180.0   30.0
20090825.130000   0.585   10.389  180.0   30.0
20090825.131500   0.669   9.813   180.0   30.0
20090825.133000   0.613   10.143  180.0   30.0
20090825.134500   0.551   9.438   180.0   30.0
20090825.140000   0.652   10.063  180.0   30.0
20090825.141500   0.479   9.875   180.0   30.0
20090825.143000   0.600   10.000  180.0   30.0
20090825.144500   0.522   10.500  180.0   30.0
20090825.150000   0.435   9.500   180.0   30.0
20090825.151500   0.518   10.063  180.0   30.0
20090825.153000   0.606   9.875   180.0   30.0
20090825.154500   0.556   10.063  180.0   30.0
20090825.160000   0.660   10.250  180.0   30.0
20090825.161500   0.604   10.188  180.0   30.0
20090825.163000   0.697   9.750   180.0   30.0
20090825.164500   0.512   9.938   180.0   30.0
20090825.170000   0.609   10.125  180.0   30.0
20090825.171500   0.701   10.313  180.0   30.0
20090825.173000   0.552   9.722   180.0   30.0
20090825.174500   0.614   9.813   180.0   30.0
20090825.180000   0.643   10.063  180.0   30.0
20090825.181500   0.649   10.250  180.0   30.0
20090825.183000   0.630   10.125  180.0   30.0
20090825.184500   0.513   10.313  180.0   30.0
20090825.190000   0.611   10.125  180.0   30.0
20090825.191500   0.546   9.611   180.0   30.0
20090825.193000   0.527   9.688   180.0   30.0
20090825.194500   0.663   10.125  180.0   30.0
20090825.200000   0.557   10.278  180.0   30.0
20090825.201500   0.661   10.714  180.0   30.0
20090825.203000   0.658   10.625  180.0   30.0
20090825.204500   0.724   9.938   180.0   30.0
20090825.210000   0.535   10.750  180.0   30.0
20090825.211500   0.503   9.944   180.0   30.0
20090825.213000   0.572   11.000  180.0   30.0
20090825.214500   0.476   10.563  180.0   30.0
20090825.220000   0.676   10.063  180.0   30.0
20090825.221500   0.502   9.889   180.0   30.0
20090825.223000   0.640   10.214  180.0   30.0
20090825.224500   0.840   10.286  180.0   30.0
20090825.230000   0.500   10.125  180.0   30.0
20090825.231500   0.740   10.938  180.0   30.0
20090825.233000   0.504   10.500  180.0   30.0
20090825.234500   0.532   11.071  180.0   30.0
20090826.000000   0.557   11.188  180.0   30.0
20090826.001500   0.495   10.500  180.0   30.0
20090826.003000   0.555   10.125  180.0   30.0
20090826.004500   0.699   11.000  180.0   30.0
20090826.010000   0.544   10.125  180.0   30.0
20090826.011500   0.562   10.750  180.0   30.0
20090826.013000   0.622   10.500  180.0   30.0
20090826.014500   0.594   10.125  180.0   30.0
20090826.020000   0.416   9.778   180.0   30.0
20090826.021500   0.483   9.833   180.0   30.0
20090826.023000   0.475   9.938   180.0   30.0
20090826.024500   0.422   8.889   180.0   30.0
20090826.030000   0.452   10.188  180.0   30.0
20090826.031500   0.402   10.889  180.0   30.0
20090826.033000   0.406   9.750   180.0   30.0
20090826.034500   0.415   11.500  180.0   30.0
20090826.040000   0.521   10.000  180.0   30.0
20090826.041500   0.362   10.125  180.0   30.0
20090826.043000   0.448   10.556  180.0   30.0
20090826.044500   0.390   9.833   180.0   30.0
20090826.050000   0.359   10.167  180.0   30.0
20090826.051500   0.378   10.056  180.0   30.0
20090826.053000   0.301   9.800   180.0   30.0
20090826.054500   0.524   10.875  180.0   30.0
20090826.060000   0.413   9.889   180.0   30.0
20090826.061500   0.403   10.667  180.0   30.0
20090826.063000   0.395   10.167  180.0   30.0
20090826.064500   0.393   10.667  180.0   30.0
20090826.070000   0.380   11.250  180.0   30.0
20090826.071500   0.393   11.063  180.0   30.0
20090826.073000   0.403   11.500  180.0   30.0
20090826.074500   0.486   11.857  180.0   30.0
20090826.080000   0.327   10.688  180.0   30.0
20090826.081500   0.388   11.063  180.0   30.0
20090826.083000   0.391   10.278  180.0   30.0
20090826.084500   0.436   10.688  180.0   30.0
20090826.090000   0.459   10.563  180.0   30.0
20090826.091500   0.413   10.563  180.0   30.0
20090826.093000   0.401   9.875   180.0   30.0
20090826.094500   0.442   10.813  180.0   30.0
20090826.100000   0.525   10.188  180.0   30.0
20090826.101500   0.358   11.333  180.0   30.0
20090826.103000   0.493   11.250  180.0   30.0
20090826.104500   0.354   10.944  180.0   30.0
20090826.110000   0.508   10.643  180.0   30.0
20090826.111500   0.459   10.625  180.0   30.0
20090826.113000   0.338   10.611  180.0   30.0
20090826.114500   0.410   10.375  180.0   30.0
20090826.120000   0.454   10.938  180.0   30.0
20090826.121500   0.328   9.375   180.0   30.0
20090826.123000   0.405   10.250  180.0   30.0
20090826.124500   0.441   10.875  180.0   30.0
20090826.130000   0.520   10.625  180.0   30.0
20090826.131500   0.399   10.313  180.0   30.0
20090826.133000   0.529   11.250  180.0   30.0
20090826.134500   0.326   11.000  180.0   30.0
20090826.140000   0.436   10.000  180.0   30.0
20090826.141500   0.426   9.722   180.0   30.0
20090826.143000   0.381   9.500   180.0   30.0
20090826.144500   0.373   10.500  180.0   30.0
20090826.150000   0.379   10.250  180.0   30.0
20090826.151500   0.354   10.667  180.0   30.0
20090826.153000   0.406   10.056  180.0   30.0
20090826.154500   0.408   11.625  180.0   30.0
20090826.160000   0.526   10.625  180.0   30.0
20090826.161500   0.474   10.188  180.0   30.0
20090826.163000   0.330   10.167  180.0   30.0
20090826.164500   0.376   10.000  180.0   30.0
20090826.170000   0.439   10.571  180.0   30.0
20090826.171500   0.500   11.071  180.0   30.0
20090826.173000   0.452   10.563  180.0   30.0
20090826.174500   0.546   11.286  180.0   30.0
20090826.180000   0.312   10.375  180.0   30.0
20090826.181500   0.379   9.875   180.0   30.0
20090826.183000   0.424   10.167  180.0   30.0
20090826.184500   0.478   10.563  180.0   30.0
20090826.190000   0.472   10.125  180.0   30.0
20090826.191500   0.481   10.813  180.0   30.0
20090826.193000   0.545   9.667   180.0   30.0
20090826.194500   0.440   10.333  180.0   30.0
20090826.200000   0.330   10.688  180.0   30.0
20090826.201500   0.314   9.556   180.0   30.0
20090826.203000   0.358   10.667  180.0   30.0
20090826.204500   0.398   9.944   180.0   30.0
20090826.210000   0.480   9.688   180.0   30.0
20090826.211500   0.476   10.625  180.0   30.0
20090826.213000   0.430   9.563   180.0   30.0
20090826.214500   0.403   10.600  180.0   30.0
20090826.220000   0.445   9.611   180.0   30.0
20090826.221500   0.398   8.778   180.0   30.0
20090826.223000   0.314   9.889   180.0   30.0
20090826.224500   0.441   9.333   180.0   30.0
20090826.230000   0.337   10.500  180.0   30.0
20090826.231500   0.292   8.667   180.0   30.0
20090826.233000   0.329   9.389   180.0   30.0
20090826.234500   0.303   10.889  180.0   30.0
20090827.000000   0.414   10.375  180.0   30.0
20090827.001500   0.493   10.625  180.0   30.0
20090827.003000   0.340   10.125  180.0   30.0
20090827.004500   0.317   9.722   180.0   30.0
20090827.010000   0.338   9.056   180.0   30.0
20090827.011500   0.312   9.778   180.0   30.0
20090827.013000   0.366   10.611  180.0   30.0
20090827.014500   0.343   9.556   180.0   30.0
20090827.020000   0.449   10.250  180.0   30.0
20090827.021500   0.418   11.278  180.0   30.0
20090827.023000   0.396   10.778  180.0   30.0
20090827.024500   0.367   9.556   180.0   30.0
20090827.030000   0.410   11.625  180.0   30.0
20090827.031500   0.418   9.444   180.0   30.0
20090827.033000   0.369   9.938   180.0   30.0
20090827.034500   0.407   10.278  180.0   30.0
20090827.040000   0.355   10.438  180.0   30.0
20090827.041500   0.292   10.222  180.0   30.0
20090827.043000   0.443   10.000  180.0   30.0
20090827.044500   0.376   10.875  180.0   30.0
20090827.050000   0.426   9.611   180.0   30.0
20090827.051500   0.333   10.500  180.0   30.0
20090827.053000   0.371   11.286  180.0   30.0
20090827.054500   0.458   10.500  180.0   30.0
20090827.060000   0.338   9.278   180.0   30.0
20090827.061500   0.340   9.667   180.0   30.0
20090827.063000   0.437   11.071  180.0   30.0
20090827.064500   0.438   10.857  180.0   30.0
20090827.070000   0.397   9.875   180.0   30.0
20090827.071500   0.361   10.313  180.0   30.0
20090827.073000   0.369   10.929  180.0   30.0
20090827.074500   0.442   11.000  180.0   30.0
20090827.080000   0.344   10.375  180.0   30.0
20090827.081500   0.351   9.889   180.0   30.0
20090827.083000   0.396   10.750  180.0   30.0
20090827.084500   0.349   9.875   180.0   30.0
20090827.090000   0.419   10.688  180.0   30.0
20090827.091500   0.460   10.000  180.0   30.0
20090827.093000   0.323   9.500   180.0   30.0
20090827.094500   0.424   10.813  180.0   30.0
20090827.100000   0.357   11.056  180.0   30.0
20090827.101500   0.396   10.500  180.0   30.0
20090827.103000   0.417   11.750  180.0   30.0
20090827.104500   0.308   9.611   180.0   30.0
20090827.110000   0.318   10.944  180.0   30.0
20090827.111500   0.393   9.833   180.0   30.0
20090827.113000   0.336   9.313   180.0   30.0
20090827.114500   0.399   10.444  180.0   30.0
20090827.120000   0.364   10.000  180.0   30.0
20090827.121500   0.391   8.667   180.0   30.0
20090827.123000   0.407   9.250   180.0   30.0
20090827.124500   0.357   9.700   180.0   30.0
20090827.130000   0.379   9.667   180.0   30.0
20090827.131500   0.421   10.333  180.0   30.0
20090827.133000   0.514   9.438   180.0   30.0
20090827.134500   0.349   9.111   180.0   30.0
20090827.140000   0.409   9.611   180.0   30.0
20090827.141500   0.487   8.833   180.0   30.0
20090827.143000   0.343   9.944   180.0   30.0
20090827.144500   0.425   10.056  180.0   30.0
20090827.150000   0.404   9.556   180.0   30.0
20090827.151500   0.498   9.813   180.0   30.0
20090827.153000   0.398   10.500  180.0   30.0
20090827.154500   0.506   9.833   180.0   30.0
20090827.160000   0.462   9.444   180.0   30.0
20090827.161500   0.509   9.813   180.0   30.0
20090827.163000   0.477   9.125   180.0   30.0
20090827.164500   0.434   10.111  180.0   30.0
20090827.170000   0.414   9.111   180.0   30.0
20090827.171500   0.326   8.700   180.0   30.0
20090827.173000   0.375   9.944   180.0   30.0
20090827.174500   0.437   9.556   180.0   30.0
20090827.180000   0.373   9.778   180.0   30.0
20090827.181500   0.389   10.313  180.0   30.0
20090827.183000   0.383   10.300  180.0   30.0
20090827.184500   0.366   9.500   180.0   30.0
20090827.190000   0.440   9.750   180.0   30.0
20090827.191500   0.434   10.063  180.0   30.0
20090827.193000   0.363   9.222   180.0   30.0
20090827.194500   0.412   10.278  180.0   30.0
20090827.200000   0.335   10.167  180.0   30.0
20090827.201500   0.371   9.167   180.0   30.0
20090827.203000   0.450   9.722   180.0   30.0
20090827.204500   0.457   9.889   180.0   30.0
20090827.210000   0.411   9.444   180.0   30.0
20090827.211500   0.354   9.389   180.0   30.0
20090827.213000   0.436   10.000  180.0   30.0
20090827.214500   0.396   9.875   180.0   30.0
20090827.220000   0.396   9.444   180.0   30.0
20090827.221500   0.415   9.222   180.0   30.0
20090827.223000   0.386   9.875   180.0   30.0
20090827.224500   0.285   9.167   180.0   30.0
20090827.230000   0.330   9.250   180.0   30.0
20090827.231500   0.382   9.222   180.0   30.0
20090827.233000   0.366   8.650   180.0   30.0
20090827.234500   0.362   9.889   180.0   30.0
20090828.000000   0.414   8.850   180.0   30.0
20090828.001500   0.354   9.400   180.0   30.0
20090828.003000   0.303   9.150   180.0   30.0
20090828.004500   0.373   8.722   180.0   30.0
20090828.010000   0.295   9.333   180.0   30.0
20090828.011500   0.343   9.944   180.0   30.0
20090828.013000   0.350   10.889  180.0   30.0
20090828.014500   0.369   9.111   180.0   30.0
20090828.020000   0.284   8.864   180.0   30.0
20090828.021500   0.367   9.778   180.0   30.0
20090828.023000   0.350   9.889   180.0   30.0
20090828.024500   0.339   8.833   180.0   30.0
20090828.030000   0.384   9.556   180.0   30.0
20090828.031500   0.422   9.611   180.0   30.0
20090828.033000   0.333   9.750   180.0   30.0
20090828.034500   0.283   10.000  180.0   30.0
20090828.040000   0.308   9.650   180.0   30.0
20090828.041500   0.309   10.333  180.0   30.0
20090828.043000   0.292   9.278   180.0   30.0
20090828.044500   0.395   10.125  180.0   30.0
20090828.050000   0.284   9.300   180.0   30.0
20090828.051500   0.323   9.409   180.0   30.0
20090828.053000   0.323   9.944   180.0   30.0
20090828.054500   0.272   9.167   180.0   30.0
20090828.060000   0.324   8.900   180.0   30.0
20090828.061500   0.340   9.389   180.0   30.0
20090828.063000   0.345   10.944  180.0   30.0
20090828.064500   0.297   10.667  180.0   30.0
20090828.070000   0.306   10.944  180.0   30.0
20090828.071500   0.295   8.900   180.0   30.0
20090828.073000   0.290   10.944  180.0   30.0
20090828.074500   0.396   9.875   180.0   30.0
20090828.080000   0.365   11.313  180.0   30.0
20090828.081500   0.337   8.944   180.0   30.0
20090828.083000   0.309   10.111  180.0   30.0
20090828.084500   0.323   10.500  180.0   30.0
20090828.090000   0.311   10.722  180.0   30.0
20090828.091500   0.335   10.875  180.0   30.0
20090828.093000   0.255   9.556   180.0   30.0
20090828.094500   0.291   9.667   180.0   30.0
20090828.100000   0.298   10.111  180.0   30.0
20090828.101500   0.280   11.875  180.0   30.0
20090828.103000   0.380   11.313  180.0   30.0
20090828.104500   0.272   9.850   180.0   30.0
20090828.110000   0.313   10.833  180.0   30.0
20090828.111500   0.328   9.688   180.0   30.0
20090828.113000   0.309   10.625  180.0   30.0
20090828.114500   0.319   8.333   180.0   30.0
20090828.120000   0.283   9.278   180.0   30.0
20090828.121500   0.382   9.722   180.0   30.0
20090828.123000   0.358   9.889   180.0   30.0
20090828.124500   0.364   9.500   180.0   30.0
20090828.130000   0.353   9.278   180.0   30.0
20090828.131500   0.344   9.100   180.0   30.0
20090828.133000   0.327   9.944   180.0   30.0
20090828.134500   0.320   9.333   180.0   30.0
20090828.140000   0.291   8.950   180.0   30.0
20090828.141500   0.263   9.333   180.0   30.0
20090828.143000   0.261   10.167  180.0   30.0
20090828.144500   0.351   9.222   180.0   30.0
20090828.150000   0.305   9.167   180.0   30.0
20090828.151500   0.296   8.300   180.0   30.0
20090828.153000   0.269   9.591   180.0   30.0
20090828.154500   0.334   11.000  180.0   30.0
20090828.160000   0.322   9.150   180.0   30.0
20090828.161500   0.276   9.100   180.0   30.0
20090828.163000   0.256   9.182   180.0   30.0
20090828.164500   0.312   9.944   180.0   30.0
20090828.170000   0.265   8.545   180.0   30.0
20090828.171500   0.373   9.722   180.0   30.0
20090828.173000   0.269   9.500   180.0   30.0
20090828.174500   0.237   9.400   180.0   30.0
20090828.180000   0.222   9.350   180.0   30.0
20090828.181500   0.306   10.278  180.0   30.0
20090828.183000   0.277   9.850   180.0   30.0
20090828.184500   0.287   10.300  180.0   30.0
20090828.190000   0.238   9.300   180.0   30.0
20090828.191500   0.346   11.125  180.0   30.0
20090828.193000   0.348   10.313  180.0   30.0
20090828.194500   0.253   10.333  180.0   30.0
20090828.200000   0.291   9.625   180.0   30.0
20090828.201500   0.235   10.938  180.0   30.0
20090828.203000   0.282   9.944   180.0   30.0
20090828.204500   0.282   10.071  180.0   30.0
20090828.210000   0.258   9.611   180.0   30.0
20090828.211500   0.210   9.278   180.0   30.0
20090828.213000   0.259   9.667   180.0   30.0
20090828.214500   0.247   9.722   180.0   30.0
20090828.220000   0.262   9.813   180.0   30.0
20090828.221500   0.343   10.438  180.0   30.0
20090828.223000   0.304   10.929  180.0   30.0
20090828.224500   0.245   9.700   180.0   30.0
20090828.230000   0.233   10.444  180.0   30.0
20090828.231500   0.278   10.056  180.0   30.0
20090828.233000   0.265   10.500  180.0   30.0
20090828.234500   0.262   9.778   180.0   30.0
20090829.000000   0.304   11.188  180.0   30.0
20090829.001500   0.284   11.111  180.0   30.0
20090829.003000   0.299   10.667  180.0   30.0
20090829.004500   0.356   11.250  180.0   30.0
20090829.010000   0.279   10.444  180.0   30.0
20090829.011500   0.280   8.850   180.0   30.0
20090829.013000   0.279   9.889   180.0   30.0
20090829.014500   0.243   10.188  180.0   30.0
20090829.020000   0.297   9.813   180.0   30.0
20090829.021500   0.255   10.438  180.0   30.0
20090829.023000   0.335   10.938  180.0   30.0
20090829.024500   0.305   10.429  180.0   30.0
20090829.030000   0.354   10.500  180.0   30.0
20090829.031500   0.312   9.500   180.0   30.0
20090829.033000   0.307   9.750   180.0   30.0
20090829.034500   0.267   9.444   180.0   30.0
20090829.040000   0.311   10.389  180.0   30.0
20090829.041500   0.252   9.750   180.0   30.0
20090829.043000   0.418   10.167  180.0   30.0
20090829.044500   0.298   9.000   180.0   30.0
20090829.050000   0.283   10.000  180.0   30.0
20090829.051500   0.267   9.722   180.0   30.0
20090829.053000   0.302   10.111  180.0   30.0
20090829.054500   0.280   9.150   180.0   30.0
20090829.060000   0.319   9.778   180.0   30.0
20090829.061500   0.269   9.800   180.0   30.0
20090829.063000   0.289   9.611   180.0   30.0
20090829.064500   0.388   10.125  180.0   30.0
20090829.070000   0.298   10.111  180.0   30.0
20090829.071500   0.304   8.900   180.0   30.0
20090829.073000   0.303   9.167   180.0   30.0
20090829.074500   0.299   9.150   180.0   30.0
20090829.080000   0.275   10.056  180.0   30.0
20090829.081500   0.314   9.333   180.0   30.0
20090829.083000   0.272   8.950   180.0   30.0
20090829.084500   0.315   9.444   180.0   30.0
20090829.090000   0.274   9.000   180.0   30.0
20090829.091500   0.299   10.438  180.0   30.0
20090829.093000   0.213   10.063  180.0   30.0
20090829.094500   0.341   9.167   180.0   30.0
20090829.100000   0.346   8.278   180.0   30.0
20090829.101500   0.278   9.400   180.0   30.0
20090829.103000   0.252   9.550   180.0   30.0
20090829.104500   0.267   8.944   180.0   30.0
20090829.110000   0.235   9.950   180.0   30.0
20090829.111500   0.246   10.167  180.0   30.0
20090829.113000   0.267   10.722  180.0   30.0
20090829.114500   0.252   9.889   180.0   30.0
20090829.120000   0.324   9.400   180.0   30.0
20090829.121500   0.298   8.389   180.0   30.0
20090829.123000   0.320   8.450   180.0   30.0
20090829.124500   0.355   8.750   180.0   30.0
20090829.130000   0.276   9.556   180.0   30.0
20090829.131500   0.273   9.150   180.0   30.0
20090829.133000   0.235   9.050   180.0   30.0
20090829.134500   0.301   9.556   180.0   30.0
20090829.140000   0.262   9.450   180.0   30.0
20090829.141500   0.317   9.250   180.0   30.0
20090829.143000   0.271   9.000   180.0   30.0
20090829.144500   0.282   9.778   180.0   30.0
20090829.150000   0.263   8.818   180.0   30.0
20090829.151500   0.298   8.667   180.0   30.0
20090829.153000   0.234   8.550   180.0   30.0
20090829.154500   0.265   8.800   180.0   30.0
20090829.160000   0.318   8.778   180.0   30.0
20090829.161500   0.341   8.400   180.0   30.0
20090829.163000   0.292   10.167  180.0   30.0
20090829.164500   0.339   9.722   180.0   30.0
20090829.170000   0.275   9.550   180.0   30.0
20090829.171500   0.249   9.650   180.0   30.0
20090829.173000   0.269   8.591   180.0   30.0
20090829.174500   0.272   9.500   180.0   30.0
20090829.180000   0.223   9.600   180.0   30.0
20090829.181500   0.259   9.750   180.0   30.0
20090829.183000   0.223   9.182   180.0   30.0
20090829.184500   0.231   9.500   180.0   30.0
20090829.190000   0.261   9.333   180.0   30.0
20090829.191500   0.292   8.950   180.0   30.0
20090829.193000   0.237   9.900   180.0   30.0
20090829.194500   0.217   8.750   180.0   30.0
20090829.200000   0.197   8.800   180.0   30.0
20090829.201500   0.255   9.000   180.0   30.0
20090829.203000   0.221   9.000   180.0   30.0
20090829.204500   0.246   9.450   180.0   30.0
20090829.210000   0.241   8.889   180.0   30.0
20090829.211500   0.250   8.700   180.0   30.0
20090829.213000   0.257   9.700   180.0   30.0
20090829.214500   0.227   8.833   180.0   30.0
20090829.220000   0.238   10.167  180.0   30.0
20090829.221500   0.265   8.550   180.0   30.0
20090829.223000   0.243   9.556   180.0   30.0
20090829.224500   0.244   9.350   180.0   30.0
20090829.230000   0.239   9.300   180.0   30.0
20090829.231500   0.208   9.045   180.0   30.0
20090829.233000   0.262   9.889   180.0   30.0
20090829.234500   0.208   9.100   180.0   30.0
20090830.000000   0.227   9.500   180.0   30.0
20090830.001500   0.223   9.300   180.0   30.0
20090830.003000   0.228   9.389   180.0   30.0
20090830.004500   0.240   8.350   180.0   30.0
20090830.010000   0.226   8.300   180.0   30.0
20090830.011500   0.247   10.556  180.0   30.0
20090830.013000   0.219   10.250  180.0   30.0
20090830.014500   0.217   9.333   180.0   30.0
20090830.020000   0.309   8.667   180.0   30.0
20090830.021500   0.191   8.750   180.0   30.0
20090830.023000   0.227   10.333  180.0   30.0
20090830.024500   0.240   9.778   180.0   30.0
20090830.030000   0.185   10.350  180.0   30.0
20090830.031500   0.279   9.889   180.0   30.0
20090830.033000   0.224   9.200   180.0   30.0
20090830.034500   0.231   8.800   180.0   30.0
20090830.040000   0.166   8.227   180.0   30.0
20090830.041500   0.185   11.111  180.0   30.0
20090830.043000   0.215   9.222   180.0   30.0
20090830.044500   0.222   10.500  180.0   30.0
20090830.050000   0.236   10.188  180.0   30.0
20090830.051500   0.223   9.045   180.0   30.0
20090830.053000   0.203   9.136   180.0   30.0
20090830.054500   0.240   9.389   180.0   30.0
20090830.060000   0.234   10.056  180.0   30.0
20090830.061500   0.227   9.667   180.0   30.0
20090830.063000   0.210   9.400   180.0   30.0
20090830.064500   0.222   9.550   180.0   30.0
20090830.070000   0.234   8.950   180.0   30.0
20090830.071500   0.242   9.938   180.0   30.0
20090830.073000   0.231   9.900   180.0   30.0
20090830.074500   0.256   9.611   180.0   30.0
20090830.080000   0.185   9.900   180.0   30.0
20090830.081500   0.210   10.333  180.0   30.0
20090830.083000   0.223   8.850   180.0   30.0
20090830.084500   0.179   10.300  180.0   30.0
20090830.090000   0.244   9.650   180.0   30.0
20090830.091500   0.249   11.222  180.0   30.0
20090830.093000   0.222   9.400   180.0   30.0
20090830.094500   0.206   9.100   180.0   30.0
20090830.100000   0.210   9.100   180.0   30.0
20090830.101500   0.213   10.167  180.0   30.0
20090830.103000   0.195   8.250   180.0   30.0
20090830.104500   0.219   8.650   180.0   30.0
20090830.110000   0.251   9.000   180.0   30.0
20090830.111500   0.295   10.563  180.0   30.0
20090830.113000   0.189   9.200   180.0   30.0
20090830.114500   0.222   9.667   180.0   30.0
20090830.120000   0.228   10.778  180.0   30.0
20090830.121500   0.247   10.500  180.0   30.0
20090830.123000   0.247   9.750   180.0   30.0
20090830.124500   0.213   9.444   180.0   30.0
20090830.130000   0.256   9.611   180.0   30.0
20090830.131500   0.224   10.438  180.0   30.0
20090830.133000   0.247   10.111  180.0   30.0
20090830.134500   0.232   8.875   180.0   30.0
20090830.140000   0.183   9.409   180.0   30.0
20090830.141500   0.170   8.950   180.0   30.0
20090830.143000   0.209   11.000  180.0   30.0
20090830.144500   0.187   7.550   180.0   30.0
20090830.150000   0.243   8.600   180.0   30.0
20090830.151500   0.195   9.550   180.0   30.0
20090830.153000   0.230   10.389  180.0   30.0
20090830.154500   0.171   8.591   180.0   30.0
20090830.160000   0.247   9.611   180.0   30.0
20090830.161500   0.213   8.900   180.0   30.0
20090830.163000   0.226   9.056   180.0   30.0
20090830.164500   0.245   9.400   180.0   30.0
20090830.170000   0.283   10.333  180.0   30.0
20090830.171500   0.232   9.444   180.0   30.0
20090830.173000   0.239   9.167   180.0   30.0
20090830.174500   0.217   8.850   180.0   30.0
20090830.180000   0.232   8.850   180.0   30.0
20090830.181500   0.235   9.250   180.0   30.0
20090830.183000   0.200   10.000  180.0   30.0
20090830.184500   0.219   10.222  180.0   30.0
20090830.190000   0.269   9.722   180.0   30.0
20090830.191500   0.237   10.350  180.0   30.0
20090830.193000   0.250   8.889   180.0   30.0
20090830.194500   0.170   8.450   180.0   30.0
20090830.200000   0.257   9.222   180.0   30.0
20090830.201500   0.227   9.500   180.0   30.0
20090830.203000   0.234   9.167   180.0   30.0
20090830.204500   0.272   8.350   180.0   30.0
20090830.210000   0.238   9.444   180.0   30.0
20090830.211500   0.226   8.000   180.0   30.0
20090830.213000   0.225   10.100  180.0   30.0
20090830.214500   0.201   8.250   180.0   30.0
20090830.220000   0.244   8.278   180.0   30.0
20090830.221500   0.168   9.300   180.0   30.0
20090830.223000   0.239   8.550   180.0   30.0
20090830.224500   0.208   8.600   180.0   30.0
20090830.230000   0.180   10.944  180.0   30.0
20090830.231500   0.211   9.667   180.0   30.0
20090830.233000   0.224   9.333   180.0   30.0
20090830.234500   0.191   9.136   180.0   30.0
20090831.000000   0.221   8.727   180.0   30.0
20090831.001500   0.227   8.409   180.0   30.0
20090831.003000   0.202   8.700   180.0   30.0
20090831.004500   0.245   8.600   180.0   30.0
20090831.010000   0.263   8.900   180.0   30.0
20090831.011500   0.220   8.091   180.0   30.0
20090831.013000   0.212   9.778   180.0   30.0
20090831.014500   0.246   7.650   180.0   30.0
20090831.020000   0.234   9.833   180.0   30.0
20090831.021500   0.198   10.800  180.0   30.0
20090831.023000   0.263   9.722   180.0   30.0
20090831.024500   0.204   8.800   180.0   30.0
20090831.030000   0.199   8.318   180.0   30.0
20090831.031500   0.279   9.111   180.0   30.0
20090831.033000   0.235   9.364   180.0   30.0
20090831.034500   0.195   9.300   180.0   30.0
20090831.040000   0.202   9.167   180.0   30.0
20090831.041500   0.233   9.300   180.0   30.0
20090831.043000   0.226   8.273   180.0   30.0
20090831.044500   0.217   9.056   180.0   30.0
20090831.050000   0.245   9.350   180.0   30.0
20090831.051500   0.177   7.900   180.0   30.0
20090831.053000   0.233   9.591   180.0   30.0
20090831.054500   0.252   9.050   180.0   30.0
20090831.060000   0.308   9.167   180.0   30.0
20090831.061500   0.242   9.200   180.0   30.0
20090831.063000   0.238   9.400   180.0   30.0
20090831.064500   0.234   8.850   180.0   30.0
20090831.070000   0.216   8.273   180.0   30.0
20090831.071500   0.275   9.100   180.0   30.0
20090831.073000   0.240   9.400   180.0   30.0
20090831.074500   0.240   9.150   180.0   30.0
20090831.080000   0.212   8.409   180.0   30.0
20090831.081500   0.218   8.500   180.0   30.0
20090831.083000   0.269   8.950   180.0   30.0
20090831.084500   0.202   9.545   180.0   30.0
20090831.090000   0.225   11.313  180.0   30.0
20090831.091500   0.237   9.350   180.0   30.0
20090831.093000   0.235   9.700   180.0   30.0
20090831.094500   0.232   10.611  180.0   30.0
20090831.100000   0.228   9.889   180.0   30.0
20090831.101500   0.265   10.050  180.0   30.0
20090831.103000   0.259   11.111  180.0   30.0
20090831.104500   0.249   9.444   180.0   30.0
20090831.110000   0.256   9.222   180.0   30.0
20090831.111500   0.230   9.778   180.0   30.0
20090831.113000   0.230   10.350  180.0   30.0
20090831.114500   0.232   9.400   180.0   30.0
20090831.120000   0.258   10.438  180.0   30.0
20090831.121500   0.224   10.600  180.0   30.0
20090831.123000   0.240   9.227   180.0   30.0
20090831.124500   0.284   8.700   180.0   30.0
20090831.130000   0.269   10.400  180.0   30.0
20090831.131500   0.304   10.056  180.0   30.0
20090831.133000   0.237   10.222  180.0   30.0
20090831.134500   0.254   9.833   180.0   30.0
20090831.140000   0.256   10.444  180.0   30.0
20090831.141500   0.295   10.813  180.0   30.0
20090831.143000   0.236   10.056  180.0   30.0
20090831.144500   0.249   13.500  180.0   30.0
20090831.150000   0.237   10.000  180.0   30.0
20090831.151500   0.333   11.857  180.0   30.0
20090831.153000   0.335   10.333  180.0   30.0
20090831.154500   0.264   10.611  180.0   30.0
20090831.160000   0.258   10.500  180.0   30.0
20090831.161500   0.310   9.889   180.0   30.0
20090831.163000   0.275   12.313  180.0   30.0
20090831.164500   0.307   9.545   180.0   30.0
20090831.170000   0.331   10.400  180.0   30.0
20090831.171500   0.317   9.833   180.0   30.0
20090831.173000   0.289   10.800  180.0   30.0
20090831.174500   0.333   9.556   180.0   30.0
20090831.180000   0.301   9.944   180.0   30.0
20090831.181500   0.339   10.900  180.0   30.0
20090831.183000   0.368   9.611   180.0   30.0
20090831.184500   0.317   9.800   180.0   30.0
20090831.190000   0.400   9.150   180.0   30.0
20090831.191500   0.336   9.450   180.0   30.0
20090831.193000   0.315   10.273  180.0   30.0
20090831.194500   0.480   11.786  180.0   30.0
20090831.200000   0.391   11.278  180.0   30.0
20090831.201500   0.422   11.778  180.0   30.0
20090831.203000   0.410   10.100  180.0   30.0
20090831.204500   0.354   9.636   180.0   30.0
20090831.210000   0.388   10.150  180.0   30.0
20090831.211500   0.481   10.750  180.0   30.0
20090831.213000   0.450   9.450   180.0   30.0
20090831.214500   0.395   10.364  180.0   30.0
20090831.220000   0.507   11.167  180.0   30.0
20090831.221500   0.469   10.500  180.0   30.0
20090831.223000   0.406   11.813  180.0   30.0
20090831.224500   0.370   10.056  180.0   30.0
20090831.230000   0.512   11.688  180.0   30.0
20090831.231500   0.500   9.278   180.0   30.0
20090831.233000   0.370   10.389  180.0   30.0
20090831.234500   0.439   11.778  180.0   30.0
20090901.000000   0.440   11.125  180.0   30.0
20090901.001500   0.474   9.667   180.0   30.0
20090901.003000   0.517   11.167  180.0   30.0
20090901.004500   0.468   10.389  180.0   30.0
20090901.010000   0.587   11.063  180.0   30.0
20090901.011500   0.431   10.050  180.0   30.0
20090901.013000   0.802   10.875  180.0   30.0
20090901.014500   0.484   11.389  180.0   30.0
20090901.020000   0.510   10.750  180.0   30.0
20090901.021500   0.395   9.700   180.0   30.0
20090901.023000   0.695   10.850  180.0   30.0
20090901.024500   0.716   10.563  180.0   30.0
20090901.030000   0.588   10.450  180.0   30.0
20090901.031500   0.772   11.125  180.0   30.0
20090901.033000   0.512   9.600   180.0   30.0
20090901.034500   0.618   10.444  180.0   30.0
20090901.040000   0.785   10.063  180.0   30.0
20090901.041500   0.615   10.438  180.0   30.0
20090901.043000   0.644   11.875  180.0   30.0
20090901.044500   0.707   12.188  180.0   30.0
20090901.050000   0.626   10.333  180.0   30.0
20090901.051500   0.600   10.667  180.0   30.0
20090901.053000   0.507   10.300  180.0   30.0
20090901.054500   0.524   8.750   180.0   30.0
20090901.060000   0.725   10.688  180.0   30.0
20090901.061500   0.658   10.786  180.0   30.0
20090901.063000   0.649   10.938  180.0   30.0
20090901.064500   0.615   10.438  180.0   30.0
20090901.070000   0.721   11.063  180.0   30.0
20090901.071500   0.625   10.444  180.0   30.0
20090901.073000   0.713   10.000  180.0   30.0
20090901.074500   0.759   10.813  180.0   30.0
20090901.080000   0.610   10.313  180.0   30.0
20090901.081500   0.806   9.778   180.0   30.0
20090901.083000   0.581   10.550  180.0   30.0
20090901.084500   0.568   9.955   180.0   30.0
20090901.090000   0.655   9.900   180.0   30.0
20090901.091500   0.797   9.611   180.0   30.0
20090901.093000   0.598   10.333  180.0   30.0
20090901.094500   0.622   10.222  180.0   30.0
20090901.100000   0.649   10.700  180.0   30.0
20090901.101500   0.607   9.889   180.0   30.0
20090901.103000   0.570   9.722   180.0   30.0
20090901.104500   0.688   10.400  180.0   30.0
20090901.110000   0.410   8.591   180.0   30.0
20090901.111500   0.552   10.400  180.0   30.0
20090901.113000   0.622   10.889  180.0   30.0
20090901.114500   0.592   9.500   180.0   30.0
20090901.120000   0.546   9.409   180.0   30.0
20090901.121500   0.456   9.182   180.0   30.0
20090901.123000   0.517   8.864   180.0   30.0
20090901.124500   0.562   9.000   180.0   30.0
20090901.130000   0.458   9.700   180.0   30.0
20090901.131500   0.476   8.591   180.0   30.0
20090901.133000   0.479   9.056   180.0   30.0
20090901.134500   0.561   8.900   180.0   30.0
20090901.140000   0.508   9.650   180.0   30.0
20090901.141500   0.476   9.900   180.0   30.0
20090901.143000   0.631   10.000  180.0   30.0
20090901.144500   0.509   8.750   180.0   30.0
20090901.150000   0.608   9.278   180.0   30.0
20090901.151500   0.532   9.889   180.0   30.0
20090901.153000   0.775   9.556   180.0   30.0
20090901.154500   0.699   9.050   180.0   30.0
20090901.160000   0.454   7.864   180.0   30.0
20090901.161500   0.563   9.100   180.0   30.0
20090901.163000   0.728   8.450   180.0   30.0
20090901.164500   0.697   8.909   180.0   30.0
20090901.170000   0.492   8.409   180.0   30.0
20090901.171500   0.728   9.333   180.0   30.0
20090901.173000   0.664   9.591   180.0   30.0
20090901.174500   0.721   10.111  180.0   30.0
20090901.180000   0.682   9.150   180.0   30.0
20090901.181500   0.542   9.136   180.0   30.0
20090901.183000   0.554   8.300   180.0   30.0
20090901.184500   0.645   7.909   180.0   30.0
20090901.190000   0.608   9.500   180.0   30.0
20090901.191500   0.547   8.450   180.0   30.0
20090901.193000   0.656   9.000   180.0   30.0
20090901.194500   0.618   8.818   180.0   30.0
20090901.200000   0.634   8.333   180.0   30.0
20090901.201500   0.791   8.909   180.0   30.0
20090901.203000   0.601   8.400   180.0   30.0
20090901.204500   0.536   8.045   180.0   30.0
20090901.210000   0.525   8.417   180.0   30.0
20090901.211500   0.588   7.455   180.0   30.0
20090901.213000   0.647   8.591   180.0   30.0
20090901.214500   0.562   8.333   180.0   30.0
20090901.220000   0.551   7.808   180.0   30.0
20090901.221500   0.534   7.654   180.0   30.0
20090901.223000   0.545   7.364   180.0   30.0
20090901.224500   0.456   7.654   180.0   30.0
20090901.230000   0.479   7.385   180.0   30.0
20090901.231500   0.550   7.250   180.0   30.0
20090901.233000   0.509   8.115   180.0   30.0
20090901.234500   0.655   7.909   180.0   30.0
20090902.000000   0.598   7.955   180.0   30.0
20090902.001500   0.661   7.636   180.0   30.0
20090902.003000   0.499   8.083   180.0   30.0
20090902.004500   0.625   7.125   180.0   30.0
20090902.010000   0.535   7.750   180.0   30.0
20090902.011500   0.524   7.450   180.0   30.0
20090902.013000   0.537   8.458   180.0   30.0
20090902.014500   0.591   8.318   180.0   30.0
20090902.020000   0.618   8.227   180.0   30.0
20090902.021500   0.719   8.900   180.0   30.0
20090902.023000   0.498   6.750   180.0   30.0
20090902.024500   0.577   7.591   180.0   30.0
20090902.030000   0.496   8.042   180.0   30.0
20090902.031500   0.565   6.542   180.0   30.0
20090902.033000   0.627   8.750   180.0   30.0
20090902.034500   0.597   7.409   180.0   30.0
20090902.040000   0.524   8.773   180.0   30.0
20090902.041500   0.536   7.864   180.0   30.0
20090902.043000   0.546   7.955   180.0   30.0
20090902.044500   0.582   8.136   180.0   30.0
20090902.050000   0.593   7.167   180.0   30.0
20090902.051500   0.655   7.667   180.0   30.0
20090902.053000   0.538   7.333   180.0   30.0
20090902.054500   0.581   7.167   180.0   30.0
20090902.060000   0.654   7.708   180.0   30.0
20090902.061500   0.604   9.150   180.0   30.0
20090902.063000   0.600   9.182   180.0   30.0
20090902.064500   0.601   8.091   180.0   30.0
20090902.070000   0.543   8.292   180.0   30.0
20090902.071500   0.604   7.864   180.0   30.0
20090902.073000   0.704   8.818   180.0   30.0
20090902.074500   0.709   8.350   180.0   30.0
20090902.080000   0.636   7.125   180.0   30.0
20090902.081500   0.571   7.667   180.0   30.0
20090902.083000   0.631   7.308   180.0   30.0
20090902.084500   0.610   7.417   180.0   30.0
20090902.090000   0.667   7.773   180.0   30.0
20090902.091500   0.670   7.833   180.0   30.0
20090902.093000   0.650   8.542   180.0   30.0
20090902.094500   0.710   6.833   180.0   30.0
20090902.100000   0.616   7.346   180.0   30.0
20090902.101500   0.673   8.083   180.0   30.0
20090902.103000   0.748   7.042   180.0   30.0
20090902.104500   0.821   7.000   180.0   30.0
20090902.110000   0.642   6.692   180.0   30.0
20090902.111500   0.714   8.042   180.0   30.0
20090902.113000   0.754   7.583   180.0   30.0
20090902.114500   0.771   7.455   180.0   30.0
20090902.120000   0.771   7.167   180.0   30.0
20090902.121500   0.714   8.545   180.0   30.0
20090902.123000   0.788   8.333   180.0   30.0
20090902.124500   0.767   7.591   180.0   30.0
20090902.130000   0.826   7.727   180.0   30.0
20090902.131500   0.742   7.208   180.0   30.0
20090902.133000   0.778   8.682   180.0   30.0
20090902.134500   1.007   7.182   180.0   30.0
20090902.140000   0.856   7.125   180.0   30.0
20090902.141500   0.767   7.591   180.0   30.0
20090902.143000   1.005   7.136   180.0   30.0
20090902.144500   0.788   7.583   180.0   30.0
20090902.150000   0.809   7.091   180.0   30.0
20090902.151500   0.830   7.545   180.0   30.0
20090902.153000   0.777   7.458   180.0   30.0
20090902.154500   0.814   7.750   180.0   30.0
20090902.160000   0.739   7.208   180.0   30.0
20090902.161500   0.912   7.409   180.0   30.0
20090902.163000   0.702   7.000   180.0   30.0
20090902.164500   0.627   7.417   180.0   30.0
20090902.170000   0.878   6.955   180.0   30.0
20090902.171500   1.003   8.000   180.0   30.0
20090902.173000   0.838   7.636   180.0   30.0
20090902.174500   0.764   7.636   180.0   30.0
20090902.180000   0.828   7.773   180.0   30.0
20090902.181500   0.787   7.545   180.0   30.0
20090902.183000   0.715   7.227   180.0   30.0
20090902.184500   0.780   7.045   180.0   30.0
20090902.190000   0.752   8.333   180.0   30.0
20090902.191500   0.788   7.227   180.0   30.0
20090902.193000   0.749   6.625   180.0   30.0
20090902.194500   0.844   6.750   180.0   30.0
20090902.200000   0.735   7.318   180.0   30.0
20090902.201500   0.720   6.542   180.0   30.0
20090902.203000   0.831   7.682   180.0   30.0
20090902.204500   0.758   7.625   180.0   30.0
20090902.210000   0.752   7.458   180.0   30.0
20090902.211500   0.712   7.167   180.0   30.0
20090902.213000   0.794   7.792   180.0   30.0
20090902.214500   0.697   7.625   180.0   30.0
20090902.220000   0.656   7.045   180.0   30.0
20090902.221500   0.700   8.167   180.0   30.0
20090902.223000   0.754   7.864   180.0   30.0
20090902.224500   0.705   7.042   180.0   30.0
20090902.230000   0.781   7.458   180.0   30.0
20090902.231500   0.570   7.423   180.0   30.0
20090902.233000   0.722   7.773   180.0   30.0
20090902.234500   0.815   7.042   180.0   30.0
20090903.000000   0.739   6.917   180.0   30.0
20090903.001500   0.705   7.000   180.0   30.0
20090903.003000   0.742   7.115   180.0   30.0
20090903.004500   0.720   7.091   180.0   30.0
20090903.010000   0.677   7.375   180.0   30.0
20090903.011500   0.719   8.682   180.0   30.0
20090903.013000   0.680   7.591   180.0   30.0
20090903.014500   0.811   7.125   180.0   30.0
20090903.020000   0.874   7.864   180.0   30.0
20090903.021500   0.734   8.400   180.0   30.0
20090903.023000   0.717   8.136   180.0   30.0
20090903.024500   0.779   7.545   180.0   30.0
20090903.030000   0.746   8.091   180.0   30.0
20090903.031500   0.798   7.318   180.0   30.0
20090903.033000   0.755   7.500   180.0   30.0
20090903.034500   0.744   7.083   180.0   30.0
20090903.040000   0.759   7.900   180.0   30.0
20090903.041500   0.740   7.364   180.0   30.0
20090903.043000   0.697   7.650   180.0   30.0
20090903.044500   0.697   7.455   180.0   30.0
20090903.050000   0.830   7.917   180.0   30.0
20090903.051500   0.652   8.273   180.0   30.0
20090903.053000   0.850   7.792   180.0   30.0
20090903.054500   0.758   7.682   180.0   30.0
20090903.060000   0.772   8.136   180.0   30.0
20090903.061500   0.634   6.864   180.0   30.0
20090903.063000   0.770   7.350   180.0   30.0
20090903.064500   0.806   7.909   180.0   30.0
20090903.070000   0.747   7.417   180.0   30.0
20090903.071500   0.715   7.458   180.0   30.0
20090903.073000   0.783   7.818   180.0   30.0
20090903.074500   0.785   7.833   180.0   30.0
20090903.080000   0.907   7.636   180.0   30.0
20090903.081500   0.897   7.500   180.0   30.0
20090903.083000   0.739   7.636   180.0   30.0
20090903.084500   0.763   7.636   180.0   30.0
20090903.090000   0.905   7.591   180.0   30.0
20090903.091500   0.788   7.818   180.0   30.0
20090903.093000   0.755   7.000   180.0   30.0
20090903.094500   0.847   8.100   180.0   30.0
20090903.100000   0.679   7.318   180.0   30.0
20090903.101500   0.923   7.250   180.0   30.0
20090903.103000   0.883   8.091   180.0   30.0
20090903.104500   0.742   7.292   180.0   30.0
20090903.110000   0.912   7.909   180.0   30.0
20090903.111500   0.851   7.269   180.0   30.0
20090903.113000   0.998   7.250   180.0   30.0
20090903.114500   0.851   7.458   180.0   30.0
20090903.120000   0.889   7.292   180.0   30.0
20090903.121500   0.800   8.636   180.0   30.0
20090903.123000   1.124   7.682   180.0   30.0
20090903.124500   0.871   8.045   180.0   30.0
20090903.130000   1.063   8.182   180.0   30.0
20090903.131500   1.050   7.864   180.0   30.0
20090903.133000   0.790   7.273   180.0   30.0
20090903.134500   0.837   7.875   180.0   30.0
20090903.140000   0.975   7.864   180.0   30.0
20090903.141500   0.839   7.773   180.0   30.0
20090903.143000   0.956   8.450   180.0   30.0
20090903.144500   1.127   8.400   180.0   30.0
20090903.150000   0.941   7.773   180.0   30.0
20090903.151500   0.942   8.727   180.0   30.0
20090903.153000   0.842   7.727   180.0   30.0
20090903.154500   0.940   7.042   180.0   30.0
20090903.160000   1.009   7.636   180.0   30.0
20090903.161500   1.102   8.900   180.0   30.0
20090903.163000   1.242   7.636   180.0   30.0
20090903.164500   0.919   7.545   180.0   30.0
20090903.170000   1.100   7.864   180.0   30.0
20090903.171500   1.071   7.727   180.0   30.0
20090903.173000   0.987   7.773   180.0   30.0
20090903.174500   1.202   8.100   180.0   30.0
20090903.180000   1.308   7.750   180.0   30.0
20090903.181500   1.386   7.636   180.0   30.0
20090903.183000   1.138   7.636   180.0   30.0
20090903.184500   1.157   7.818   180.0   30.0
20090903.190000   1.124   7.409   180.0   30.0
20090903.191500   1.133   7.682   180.0   30.0
20090903.193000   1.124   7.636   180.0   30.0
20090903.194500   1.157   7.800   180.0   30.0
20090903.200000   1.313   7.636   180.0   30.0
20090903.201500   1.196   8.091   180.0   30.0
20090903.203000   1.558   8.500   180.0   30.0
20090903.204500   1.076   8.182   180.0   30.0
20090903.210000   1.345   8.000   180.0   30.0
20090903.211500   1.223   8.750   180.0   30.0
20090903.213000   1.092   7.818   180.0   30.0
20090903.214500   1.193   7.636   180.0   30.0
20090903.220000   1.150   8.682   180.0   30.0
20090903.221500   1.183   7.636   180.0   30.0
20090903.223000   1.160   8.300   180.0   30.0
20090903.224500   1.384   8.375   180.0   30.0
20090903.230000   1.310   7.955   180.0   30.0
20090903.231500   1.043   8.038   180.0   30.0
20090903.233000   1.138   8.350   180.0   30.0
20090903.234500   1.036   8.136   180.0   30.0
20090904.000000   1.272   8.850   180.0   30.0
20090904.001500   1.215   7.955   180.0   30.0
20090904.003000   1.016   8.000   180.0   30.0
20090904.004500   0.819   7.542   180.0   30.0
20090904.010000   1.407   8.100   180.0   30.0
20090904.011500   1.230   8.250   180.0   30.0
20090904.013000   1.266   8.273   180.0   30.0
20090904.014500   1.125   8.409   180.0   30.0
20090904.020000   1.457   8.500   180.0   30.0
20090904.021500   1.614   8.800   180.0   30.0
20090904.023000   1.504   8.636   180.0   30.0
20090904.024500   1.743   9.000   180.0   30.0
20090904.030000   1.734   8.833   180.0   30.0
20090904.031500   1.325   8.333   180.0   30.0
20090904.033000   1.453   8.250   180.0   30.0
20090904.034500   1.159   8.091   180.0   30.0
20090904.040000   1.337   8.700   180.0   30.0
20090904.041500   1.330   7.950   180.0   30.0
20090904.043000   1.156   8.227   180.0   30.0
20090904.044500   1.360   7.800   180.0   30.0
20090904.050000   1.389   8.611   180.0   30.0
20090904.051500   0.933   8.091   180.0   30.0
20090904.053000   1.576   8.000   180.0   30.0
20090904.054500   1.328   8.400   180.0   30.0
20090904.060000   1.260   7.318   180.0   30.0
20090904.061500   1.427   8.700   180.0   30.0
20090904.063000   1.458   7.850   180.0   30.0
20090904.064500   1.218   8.273   180.0   30.0
20090904.070000   1.339   7.818   180.0   30.0
20090904.071500   1.243   8.273   180.0   30.0
20090904.073000   1.215   8.750   180.0   30.0
20090904.074500   1.281   8.700   180.0   30.0
20090904.080000   1.456   8.250   180.0   30.0
20090904.081500   1.733   8.700   180.0   30.0
20090904.083000   1.275   7.682   180.0   30.0
20090904.084500   1.617   8.150   180.0   30.0
20090904.090000   1.290   7.773   180.0   30.0
20090904.091500   1.114   7.500   180.0   30.0
20090904.093000   1.664   8.333   180.0   30.0
20090904.094500   1.355   7.727   180.0   30.0
20090904.100000   1.392   8.045   180.0   30.0
20090904.101500   1.801   8.136   180.0   30.0
20090904.103000   1.182   7.000   180.0   30.0
20090904.104500   1.314   7.900   180.0   30.0
20090904.110000   1.167   7.955   180.0   30.0
20090904.111500   1.467   8.800   180.0   30.0
20090904.113000   1.441   8.650   180.0   30.0
20090904.114500   1.512   8.000   180.0   30.0
20090904.120000   1.290   8.455   180.0   30.0
20090904.121500   1.391   8.250   180.0   30.0
20090904.123000   1.154   8.000   180.0   30.0
20090904.124500   1.319   8.100   180.0   30.0
20090904.130000   1.430   8.600   180.0   30.0
20090904.131500   1.802   8.250   180.0   30.0
20090904.133000   1.533   8.100   180.0   30.0
20090904.134500   1.617   8.556   180.0   30.0
20090904.140000   1.609   8.100   180.0   30.0
20090904.141500   1.640   8.750   180.0   30.0
20090904.143000   1.487   8.556   180.0   30.0
20090904.144500   1.507   8.250   180.0   30.0
20090904.150000   1.836   8.550   180.0   30.0
20090904.151500   1.883   8.611   180.0   30.0
20090904.153000   1.124   8.000   180.0   30.0
20090904.154500   1.489   8.100   180.0   30.0
20090904.160000   1.712   9.000   180.0   30.0
20090904.161500   1.172   8.909   180.0   30.0
20090904.163000   1.740   8.800   180.0   30.0
20090904.164500   1.521   9.167   180.0   30.0
20090904.170000   1.415   8.350   180.0   30.0
20090904.171500   1.395   8.611   180.0   30.0
20090904.173000   1.392   8.444   180.0   30.0
20090904.174500   1.320   8.850   180.0   30.0
20090904.180000   1.768   9.167   180.0   30.0
20090904.181500   1.661   9.611   180.0   30.0
20090904.183000   1.264   8.222   180.0   30.0
20090904.184500   1.459   8.650   180.0   30.0
20090904.190000   1.485   8.556   180.0   30.0
20090904.191500   1.564   9.500   180.0   30.0
20090904.193000   1.222   7.950   180.0   30.0
20090904.194500   1.223   8.400   180.0   30.0
20090904.200000   1.031   7.682   180.0   30.0
20090904.201500   1.652   8.300   180.0   30.0
20090904.203000   1.301   9.050   180.0   30.0
20090904.204500   1.349   8.550   180.0   30.0
20090904.210000   1.653   8.800   180.0   30.0
20090904.211500   1.391   8.750   180.0   30.0
20090904.213000   1.258   8.250   180.0   30.0
20090904.214500   1.455   8.450   180.0   30.0
20090904.220000   1.165   9.150   180.0   30.0
20090904.221500   1.379   8.400   180.0   30.0
20090904.223000   1.567   8.500   180.0   30.0
20090904.224500   1.280   8.227   180.0   30.0
20090904.230000   1.558   8.850   180.0   30.0
20090904.231500   1.327   8.900   180.0   30.0
20090904.233000   1.613   9.278   180.0   30.0
20090904.234500   1.876   8.900   180.0   30.0
20090905.000000   1.376   8.400   180.0   30.0
20090905.001500   1.747   8.900   180.0   30.0
20090905.003000   1.341   8.800   180.0   30.0
20090905.004500   1.611   9.167   180.0   30.0
20090905.010000   1.357   8.600   180.0   30.0
20090905.011500   1.427   9.111   180.0   30.0
20090905.013000   1.268   7.950   180.0   30.0
20090905.014500   1.555   9.300   180.0   30.0
20090905.020000   1.468   8.150   180.0   30.0
20090905.021500   1.572   9.050   180.0   30.0
20090905.023000   1.621   9.222   180.0   30.0
20090905.024500   1.302   9.250   180.0   30.0
20090905.030000   1.638   9.500   180.0   30.0
20090905.031500   1.482   8.500   180.0   30.0
20090905.033000   1.479   8.750   180.0   30.0
20090905.034500   1.506   9.333   180.0   30.0
20090905.040000   1.410   9.300   180.0   30.0
20090905.041500   1.406   8.722   180.0   30.0
20090905.043000   1.489   9.111   180.0   30.0
20090905.044500   1.738   8.400   180.0   30.0
20090905.050000   1.304   9.333   180.0   30.0
20090905.051500   1.779   9.000   180.0   30.0
20090905.053000   1.503   8.400   180.0   30.0
20090905.054500   1.172   8.550   180.0   30.0
20090905.060000   1.454   9.444   180.0   30.0
20090905.061500   1.564   9.833   180.0   30.0
20090905.063000   1.289   8.227   180.0   30.0
20090905.064500   1.798   9.200   180.0   30.0
20090905.070000   1.208   8.800   180.0   30.0
20090905.071500   1.811   9.333   180.0   30.0
20090905.073000   1.512   9.111   180.0   30.0
20090905.074500   1.639   9.100   180.0   30.0
20090905.080000   1.247   8.000   180.0   30.0
20090905.081500   1.653   9.500   180.0   30.0
20090905.083000   1.183   9.364   180.0   30.0
20090905.084500   1.485   8.889   180.0   30.0
20090905.090000   1.313   9.000   180.0   30.0
20090905.091500   1.427   9.350   180.0   30.0
20090905.093000   1.334   9.100   180.0   30.0
20090905.094500   1.280   8.250   180.0   30.0
20090905.100000   1.527   8.889   180.0   30.0
20090905.101500   1.295   9.611   180.0   30.0
20090905.103000   1.339   10.056  180.0   30.0
20090905.104500   1.395   8.900   180.0   30.0
20090905.110000   1.369   8.550   180.0   30.0
20090905.111500   1.210   9.350   180.0   30.0
20090905.113000   1.280   9.150   180.0   30.0
20090905.114500   1.330   9.833   180.0   30.0
20090905.120000   1.333   9.250   180.0   30.0
20090905.121500   0.993   8.550   180.0   30.0
20090905.123000   1.356   8.850   180.0   30.0
20090905.124500   1.271   8.500   180.0   30.0
20090905.130000   1.014   8.550   180.0   30.0
20090905.131500   1.263   8.350   180.0   30.0
20090905.133000   1.626   9.389   180.0   30.0
20090905.134500   1.546   9.278   180.0   30.0
20090905.140000   1.391   9.722   180.0   30.0
20090905.141500   1.335   9.500   180.0   30.0
20090905.143000   1.458   9.056   180.0   30.0
20090905.144500   1.218   9.111   180.0   30.0
20090905.150000   0.990   8.722   180.0   30.0
20090905.151500   1.203   8.833   180.0   30.0
20090905.153000   1.330   8.850   180.0   30.0
20090905.154500   1.351   9.056   180.0   30.0
20090905.160000   1.408   9.000   180.0   30.0
20090905.161500   1.283   8.700   180.0   30.0
20090905.163000   1.056   8.550   180.0   30.0
20090905.164500   1.101   8.500   180.0   30.0
20090905.170000   1.048   9.100   180.0   30.0
20090905.171500   1.081   9.100   180.0   30.0
20090905.173000   1.133   8.944   180.0   30.0
20090905.174500   1.107   8.667   180.0   30.0
20090905.180000   1.230   9.389   180.0   30.0
20090905.181500   1.309   8.556   180.0   30.0
20090905.183000   1.289   9.278   180.0   30.0
20090905.184500   1.058   8.850   180.0   30.0
20090905.190000   1.325   9.778   180.0   30.0
20090905.191500   1.336   9.444   180.0   30.0
20090905.193000   1.219   8.900   180.0   30.0
20090905.194500   1.072   8.500   180.0   30.0
20090905.200000   1.275   8.722   180.0   30.0
20090905.201500   1.140   9.333   180.0   30.0
20090905.203000   1.268   9.150   180.0   30.0
20090905.204500   1.332   8.800   180.0   30.0
20090905.210000   1.331   8.900   180.0   30.0
20090905.211500   1.351   8.722   180.0   30.0
20090905.213000   1.009   9.556   180.0   30.0
20090905.214500   1.270   8.667   180.0   30.0
20090905.220000   1.281   9.500   180.0   30.0
20090905.221500   1.184   8.050   180.0   30.0
20090905.223000   1.285   8.889   180.0   30.0
20090905.224500   1.156   8.864   180.0   30.0
20090905.230000   1.440   9.056   180.0   30.0
20090905.231500   1.046   8.364   180.0   30.0
20090905.233000   1.216   9.100   180.0   30.0
20090905.234500   1.501   8.938   180.0   30.0
20090906.000000   1.225   9.200   180.0   30.0
20090906.001500   1.241   9.056   180.0   30.0
20090906.003000   1.412   9.000   180.0   30.0
20090906.004500   1.058   9.611   180.0   30.0
20090906.010000   1.249   8.611   180.0   30.0
20090906.011500   1.140   8.800   180.0   30.0
20090906.013000   1.193   8.944   180.0   30.0
20090906.014500   1.155   9.375   180.0   30.0
20090906.020000   1.121   8.800   180.0   30.0
20090906.021500   1.199   8.611   180.0   30.0
20090906.023000   1.176   9.350   180.0   30.0
20090906.024500   1.207   8.600   180.0   30.0
20090906.030000   1.337   9.045   180.0   30.0
20090906.031500   1.180   9.056   180.0   30.0
20090906.033000   1.209   8.750   180.0   30.0
20090906.034500   1.008   8.611   180.0   30.0
20090906.040000   1.106   8.889   180.0   30.0
20090906.041500   1.237   8.600   180.0   30.0
20090906.043000   1.336   9.056   180.0   30.0
20090906.044500   0.962   9.050   180.0   30.0
20090906.050000   1.171   8.889   180.0   30.0
20090906.051500   1.008   9.450   180.0   30.0
20090906.053000   1.460   8.875   180.0   30.0
20090906.054500   1.053   8.250   180.0   30.0
20090906.060000   1.415   8.889   180.0   30.0
20090906.061500   1.179   8.667   180.0   30.0
20090906.063000   1.214   8.800   180.0   30.0
20090906.064500   0.999   8.950   180.0   30.0
20090906.070000   1.379   9.222   180.0   30.0
20090906.071500   1.312   9.000   180.0   30.0
20090906.073000   1.358   9.056   180.0   30.0
20090906.074500   1.412   9.188   180.0   30.0
20090906.080000   1.211   9.200   180.0   30.0
20090906.081500   1.200   8.778   180.0   30.0
20090906.083000   1.129   8.700   180.0   30.0
20090906.084500   1.032   9.050   180.0   30.0
20090906.090000   0.927   8.611   180.0   30.0
20090906.091500   1.071   8.800   180.0   30.0
20090906.093000   1.277   8.700   180.0   30.0
20090906.094500   1.427   8.944   180.0   30.0
20090906.100000   1.346   8.722   180.0   30.0
20090906.101500   1.474   8.722   180.0   30.0
20090906.103000   1.027   8.650   180.0   30.0
20090906.104500   1.236   8.778   180.0   30.0
20090906.110000   1.125   8.800   180.0   30.0
20090906.111500   1.159   8.700   180.0   30.0
20090906.113000   1.331   8.389   180.0   30.0
20090906.114500   1.144   9.100   180.0   30.0
20090906.120000   1.312   9.000   180.0   30.0
20090906.121500   1.605   9.167   180.0   30.0
20090906.123000   1.536   8.944   180.0   30.0
20090906.124500   1.189   9.150   180.0   30.0
20090906.130000   1.307   9.500   180.0   30.0
20090906.131500   1.328   8.889   180.0   30.0
20090906.133000   1.194   9.222   180.0   30.0
20090906.134500   0.878   8.300   180.0   30.0
20090906.140000   1.060   8.944   180.0   30.0
20090906.141500   1.021   9.111   180.0   30.0
20090906.143000   0.975   8.600   180.0   30.0
20090906.144500   0.997   8.722   180.0   30.0
20090906.150000   1.008   9.250   180.0   30.0
20090906.151500   1.142   8.389   180.0   30.0
20090906.153000   0.977   8.700   180.0   30.0
20090906.154500   1.016   9.000   180.0   30.0
20090906.160000   0.942   9.222   180.0   30.0
20090906.161500   0.821   8.333   180.0   30.0
20090906.163000   0.731   8.167   180.0   30.0
20090906.164500   0.957   8.650   180.0   30.0
20090906.170000   0.894   8.833   180.0   30.0
20090906.171500   0.907   8.750   180.0   30.0
20090906.173000   1.171   9.375   180.0   30.0
20090906.174500   0.922   9.389   180.0   30.0
20090906.180000   0.897   9.350   180.0   30.0
20090906.181500   0.733   8.450   180.0   30.0
20090906.183000   0.768   8.611   180.0   30.0
20090906.184500   0.972   9.111   180.0   30.0
20090906.190000   1.367   9.375   180.0   30.0
20090906.191500   0.942   8.350   180.0   30.0
20090906.193000   0.885   9.722   180.0   30.0
20090906.194500   0.996   8.700   180.0   30.0
20090906.200000   1.213   9.389   180.0   30.0
20090906.201500   1.149   8.722   180.0   30.0
20090906.203000   1.372   9.000   180.0   30.0
20090906.204500   1.190   8.778   180.0   30.0
20090906.210000   1.037   9.889   180.0   30.0
20090906.211500   1.219   9.222   180.0   30.0
20090906.213000   1.090   9.056   180.0   30.0
20090906.214500   1.157   9.500   180.0   30.0
20090906.220000   1.262   9.350   180.0   30.0
20090906.221500   1.104   8.650   180.0   30.0
20090906.223000   1.296   8.950   180.0   30.0
20090906.224500   1.355   10.000  180.0   30.0
20090906.230000   1.203   8.900   180.0   30.0
20090906.231500   1.142   8.833   180.0   30.0
20090906.233000   1.172   8.889   180.0   30.0
20090906.234500   1.007   8.700   180.0   30.0
20090907.000000   1.242   9.556   180.0   30.0
20090907.001500   0.920   9.278   180.0   30.0
20090907.003000   1.255   10.278  180.0   30.0
20090907.004500   1.098   8.900   180.0   30.0
20090907.010000   1.258   9.722   180.0   30.0
20090907.011500   1.003   9.167   180.0   30.0
20090907.013000   1.270   9.944   180.0   30.0
20090907.014500   1.451   10.125  180.0   30.0
20090907.020000   1.089   9.111   180.0   30.0
20090907.021500   0.974   8.900   180.0   30.0
20090907.023000   1.173   9.556   180.0   30.0
20090907.024500   0.874   8.600   180.0   30.0
20090907.030000   0.863   9.250   180.0   30.0
20090907.031500   0.768   9.278   180.0   30.0
20090907.033000   0.963   10.000  180.0   30.0
20090907.034500   1.054   10.111  180.0   30.0
20090907.040000   1.090   9.875   180.0   30.0
20090907.041500   0.848   9.111   180.0   30.0
20090907.043000   0.998   10.813  180.0   30.0
20090907.044500   0.844   9.875   180.0   30.0
20090907.050000   0.933   9.833   180.0   30.0
20090907.051500   0.868   9.722   180.0   30.0
20090907.053000   0.880   9.111   180.0   30.0
20090907.054500   0.772   9.750   180.0   30.0
20090907.060000   0.988   9.600   180.0   30.0
20090907.061500   1.019   9.313   180.0   30.0
20090907.063000   0.842   9.300   180.0   30.0
20090907.064500   1.002   10.188  180.0   30.0
20090907.070000   1.203   10.125  180.0   30.0
20090907.071500   1.063   9.778   180.0   30.0
20090907.073000   1.233   9.611   180.0   30.0
20090907.074500   1.057   9.938   180.0   30.0
20090907.080000   0.895   9.667   180.0   30.0
20090907.081500   1.263   10.125  180.0   30.0
20090907.083000   1.246   9.889   180.0   30.0
20090907.084500   0.930   9.778   180.0   30.0
20090907.090000   1.143   9.944   180.0   30.0
20090907.091500   1.375   10.438  180.0   30.0
20090907.093000   1.323   9.875   180.0   30.0
20090907.094500   1.007   9.833   180.0   30.0
20090907.100000   0.811   9.611   180.0   30.0
20090907.101500   0.991   9.350   180.0   30.0
20090907.103000   1.460   10.500  180.0   30.0
20090907.104500   0.982   9.889   180.0   30.0
20090907.110000   1.146   9.500   180.0   30.0
20090907.111500   0.999   9.667   180.0   30.0
20090907.113000   1.213   10.500  180.0   30.0
20090907.114500   1.182   9.333   180.0   30.0
20090907.120000   1.075   9.944   180.0   30.0
20090907.121500   0.879   8.833   180.0   30.0
20090907.123000   1.217   10.125  180.0   30.0
20090907.124500   1.155   10.000  180.0   30.0
20090907.130000   1.224   10.250  180.0   30.0
20090907.131500   1.175   10.000  180.0   30.0
20090907.133000   1.127   9.611   180.0   30.0
20090907.134500   1.130   9.722   180.0   30.0
20090907.140000   0.941   10.188  180.0   30.0
20090907.141500   0.982   9.222   180.0   30.0
20090907.143000   1.076   9.611   180.0   30.0
20090907.144500   0.938   10.688  180.0   30.0
20090907.150000   0.958   10.750  180.0   30.0
20090907.151500   0.971   10.063  180.0   30.0
20090907.153000   1.035   9.667   180.0   30.0
20090907.154500   1.058   10.643  180.0   30.0
20090907.160000   1.165   9.813   180.0   30.0
20090907.161500   0.997   10.563  180.0   30.0
20090907.163000   1.092   11.000  180.0   30.0
20090907.164500   1.210   10.813  180.0   30.0
20090907.170000   1.135   10.438  180.0   30.0
20090907.171500   1.027   9.833   180.0   30.0
20090907.173000   0.807   9.500   180.0   30.0
20090907.174500   0.910   9.222   180.0   30.0
20090907.180000   1.174   10.357  180.0   30.0
20090907.181500   1.105   10.944  180.0   30.0
20090907.183000   0.910   10.111  180.0   30.0
20090907.184500   0.871   9.500   180.0   30.0
20090907.190000   1.052   11.786  180.0   30.0
20090907.191500   1.006   9.667   180.0   30.0
20090907.193000   1.315   10.125  180.0   30.0
20090907.194500   1.351   10.643  180.0   30.0
20090907.200000   1.384   10.063  180.0   30.0
20090907.201500   1.324   10.313  180.0   30.0
20090907.203000   1.244   10.813  180.0   30.0
20090907.204500   1.233   10.438  180.0   30.0
20090907.210000   0.928   10.750  180.0   30.0
20090907.211500   1.000   9.929   180.0   30.0
20090907.213000   1.133   10.278  180.0   30.0
20090907.214500   1.127   10.944  180.0   30.0
20090907.220000   1.092   10.350  180.0   30.0
20090907.221500   1.009   10.125  180.0   30.0
20090907.223000   1.197   10.000  180.0   30.0
20090907.224500   1.064   10.000  180.0   30.0
20090907.230000   1.356   10.000  180.0   30.0
20090907.231500   1.023   10.250  180.0   30.0
20090907.233000   1.263   10.563  180.0   30.0
20090907.234500   1.080   9.600   180.0   30.0
20090908.000000   1.450   10.813  180.0   30.0
20090908.001500   1.193   10.000  180.0   30.0
20090908.003000   1.464   10.188  180.0   30.0
20090908.004500   1.332   10.063  180.0   30.0
20090908.010000   1.344   10.500  180.0   30.0
20090908.011500   1.003   9.778   180.0   30.0
20090908.013000   1.261   10.563  180.0   30.0
20090908.014500   1.518   11.214  180.0   30.0
20090908.020000   1.435   10.563  180.0   30.0
20090908.021500   1.344   10.250  180.0   30.0
20090908.023000   1.335   10.714  180.0   30.0
20090908.024500   1.358   10.611  180.0   30.0
20090908.030000   1.427   11.250  180.0   30.0
20090908.031500   1.368   9.813   180.0   30.0
20090908.033000   1.003   9.500   180.0   30.0
20090908.034500   1.053   10.938  180.0   30.0
20090908.040000   1.240   11.714  180.0   30.0
20090908.041500   1.357   11.357  180.0   30.0
20090908.043000   1.079   11.188  180.0   30.0
20090908.044500   1.352   12.125  180.0   30.0
20090908.050000   1.049   10.188  180.0   30.0
20090908.051500   1.443   11.500  180.0   30.0
20090908.053000   1.411   11.750  180.0   30.0
20090908.054500   1.000   11.125  180.0   30.0
20090908.060000   1.289   10.929  180.0   30.0
20090908.061500   1.545   11.143  180.0   30.0
20090908.063000   1.369   11.500  180.0   30.0
20090908.064500   1.313   11.063  180.0   30.0
20090908.070000   1.082   10.563  180.0   30.0
20090908.071500   1.296   11.929  180.0   30.0
20090908.073000   1.138   11.375  180.0   30.0
20090908.074500   1.415   11.000  180.0   30.0
20090908.080000   1.284   10.125  180.0   30.0
20090908.081500   1.118   10.063  180.0   30.0
20090908.083000   0.911   8.889   180.0   30.0
20090908.084500   1.419   10.786  180.0   30.0
20090908.090000   1.123   10.438  180.0   30.0
20090908.091500   1.169   10.389  180.0   30.0
20090908.093000   1.047   10.571  180.0   30.0
20090908.094500   0.924   9.889   180.0   30.0
20090908.100000   1.024   10.563  180.0   30.0
20090908.101500   1.294   11.938  180.0   30.0
20090908.103000   1.047   10.250  180.0   30.0
20090908.104500   0.936   10.375  180.0   30.0
20090908.110000   1.027   11.375  180.0   30.0
20090908.111500   1.157   10.625  180.0   30.0
20090908.113000   1.163   10.688  180.0   30.0
20090908.114500   1.076   11.063  180.0   30.0
20090908.120000   0.932   9.778   180.0   30.0
20090908.121500   1.128   10.833  180.0   30.0
20090908.123000   0.795   9.300   180.0   30.0
20090908.124500   1.008   9.500   180.0   30.0
20090908.130000   0.805   10.188  180.0   30.0
20090908.131500   0.943   10.688  180.0   30.0
20090908.133000   0.780   10.600  180.0   30.0
20090908.134500   0.695   9.667   180.0   30.0
20090908.140000   0.681   9.833   180.0   30.0
20090908.141500   0.768   9.938   180.0   30.0
20090908.143000   0.780   9.833   180.0   30.0
20090908.144500   0.710   9.833   180.0   30.0
20090908.150000   0.631   9.111   180.0   30.0
20090908.151500   0.763   9.000   180.0   30.0
20090908.153000   0.768   10.000  180.0   30.0
20090908.154500   0.542   8.700   180.0   30.0
20090908.160000   0.734   10.056  180.0   30.0
20090908.161500   0.619   9.550   180.0   30.0
20090908.163000   0.728   10.400  180.0   30.0
20090908.164500   0.637   8.900   180.0   30.0
20090908.170000   0.695   9.167   180.0   30.0
20090908.171500   0.583   9.300   180.0   30.0
20090908.173000   0.476   9.833   180.0   30.0
20090908.174500   0.668   9.500   180.0   30.0
20090908.180000   0.721   9.333   180.0   30.0
20090908.181500   0.543   9.556   180.0   30.0
20090908.183000   0.613   10.778  180.0   30.0
20090908.184500   0.592   10.500  180.0   30.0
20090908.190000   0.636   10.063  180.0   30.0
20090908.191500   0.699   10.438  180.0   30.0
20090908.193000   0.730   10.375  180.0   30.0
20090908.194500   0.785   10.438  180.0   30.0
20090908.200000   0.665   9.688   180.0   30.0
20090908.201500   0.672   10.000  180.0   30.0
20090908.203000   0.768   9.056   180.0   30.0
20090908.204500   0.470   9.278   180.0   30.0
20090908.210000   0.683   9.875   180.0   30.0
20090908.211500   0.551   10.000  180.0   30.0
20090908.213000   0.627   10.444  180.0   30.0
20090908.214500   0.609   9.050   180.0   30.0
20090908.220000   0.640   10.200  180.0   30.0
20090908.221500   0.482   10.250  180.0   30.0
20090908.223000   0.812   9.389   180.0   30.0
20090908.224500   0.644   8.350   180.0   30.0
20090908.230000   0.456   7.909   180.0   30.0
20090908.231500   0.531   9.222   180.0   30.0
20090908.233000   0.595   8.889   180.0   30.0
20090908.234500   0.668   9.667   180.0   30.0
20090909.000000   0.588   9.400   180.0   30.0
20090909.001500   0.587   10.222  180.0   30.0
20090909.003000   0.614   8.750   180.0   30.0
20090909.004500   0.630   8.444   180.0   30.0
20090909.010000   0.560   8.045   180.0   30.0
20090909.011500   0.620   8.150   180.0   30.0
20090909.013000   0.662   9.500   180.0   30.0
20090909.014500   0.581   8.300   180.0   30.0
20090909.020000   0.640   8.550   180.0   30.0
20090909.021500   0.772   8.556   180.0   30.0
20090909.023000   0.811   8.700   180.0   30.0
20090909.024500   0.533   9.000   180.0   30.0
20090909.030000   0.662   9.333   180.0   30.0
20090909.031500   0.584   8.650   180.0   30.0
20090909.033000   0.766   9.000   180.0   30.0
20090909.034500   0.639   8.300   180.0   30.0
20090909.040000   0.601   8.650   180.0   30.0
20090909.041500   0.648   8.750   180.0   30.0
20090909.043000   0.689   8.400   180.0   30.0
20090909.044500   0.780   9.150   180.0   30.0
20090909.050000   0.656   9.278   180.0   30.0
20090909.051500   0.644   8.900   180.0   30.0
20090909.053000   0.568   8.250   180.0   30.0
20090909.054500   0.690   9.222   180.0   30.0
20090909.060000   0.577   8.318   180.0   30.0
20090909.061500   0.582   8.550   180.0   30.0
20090909.063000   0.650   8.400   180.0   30.0
20090909.064500   0.475   8.600   180.0   30.0
20090909.070000   0.454   8.450   180.0   30.0
20090909.071500   0.637   8.227   180.0   30.0
20090909.073000   0.563   9.333   180.0   30.0
20090909.074500   0.412   8.889   180.0   30.0
20090909.080000   0.471   8.889   180.0   30.0
20090909.081500   0.473   8.500   180.0   30.0
20090909.083000   0.517   7.900   180.0   30.0
20090909.084500   0.618   8.889   180.0   30.0
20090909.090000   0.481   7.850   180.0   30.0
20090909.091500   0.511   8.900   180.0   30.0
20090909.093000   0.483   8.950   180.0   30.0
20090909.094500   0.546   8.900   180.0   30.0
20090909.100000   0.641   9.667   180.0   30.0
20090909.101500   0.506   9.778   180.0   30.0
20090909.103000   0.633   8.100   180.0   30.0
20090909.104500   0.603   8.750   180.0   30.0
20090909.110000   0.672   9.000   180.0   30.0
20090909.111500   0.628   8.444   180.0   30.0
20090909.113000   0.643   8.500   180.0   30.0
20090909.114500   0.682   8.000   180.0   30.0
20090909.120000   0.526   8.250   180.0   30.0
20090909.121500   0.603   8.400   180.0   30.0
20090909.123000   0.497   8.550   180.0   30.0
20090909.124500   0.595   7.818   180.0   30.0
20090909.130000   0.565   8.136   180.0   30.0
20090909.131500   0.708   9.100   180.0   30.0
20090909.133000   0.611   8.300   180.0   30.0
20090909.134500   0.434   7.591   180.0   30.0
20090909.140000   0.676   8.400   180.0   30.0
20090909.141500   0.508   8.300   180.0   30.0
20090909.143000   0.518   8.750   180.0   30.0
20090909.144500   0.475   8.600   180.0   30.0
20090909.150000   0.553   8.667   180.0   30.0
20090909.151500   0.453   7.750   180.0   30.0
20090909.153000   0.624   8.000   180.0   30.0
20090909.154500   0.486   7.773   180.0   30.0
20090909.160000   0.440   8.600   180.0   30.0
20090909.161500   0.491   8.273   180.0   30.0
20090909.163000   0.456   8.200   180.0   30.0
20090909.164500   0.427   8.000   180.0   30.0
20090909.170000   0.402   7.333   180.0   30.0
20090909.171500   0.528   8.091   180.0   30.0
20090909.173000   0.419   8.400   180.0   30.0
20090909.174500   0.412   7.909   180.0   30.0
20090909.180000   0.413   8.889   180.0   30.0
20090909.181500   0.368   8.700   180.0   30.0
20090909.183000   0.432   8.600   180.0   30.0
20090909.184500   0.609   8.250   180.0   30.0
20090909.190000   0.393   8.300   180.0   30.0
20090909.191500   0.559   8.400   180.0   30.0
20090909.193000   0.427   8.389   180.0   30.0
20090909.194500   0.481   8.250   180.0   30.0
20090909.200000   0.411   9.222   180.0   30.0
20090909.201500   0.435   9.111   180.0   30.0
20090909.203000   0.434   7.900   180.0   30.0
20090909.204500   0.407   8.409   180.0   30.0
20090909.210000   0.403   8.500   180.0   30.0
20090909.211500   0.343   8.150   180.0   30.0
20090909.213000   0.385   8.545   180.0   30.0
20090909.214500   0.465   8.350   180.0   30.0
20090909.220000   0.434   8.350   180.0   30.0
20090909.221500   0.324   9.250   180.0   30.0
20090909.223000   0.416   9.050   180.0   30.0
20090909.224500   0.369   8.350   180.0   30.0
20090909.230000   0.526   9.056   180.0   30.0
20090909.231500   0.401   8.600   180.0   30.0
20090909.233000   0.441   8.833   180.0   30.0
20090909.234500   0.458   8.722   180.0   30.0
20090910.000000   0.431   8.889   180.0   30.0
20090910.001500   0.431   7.556   180.0   30.0
20090910.003000   0.438   8.550   180.0   30.0
20090910.004500   0.413   8.800   180.0   30.0
20090910.010000   0.396   8.900   180.0   30.0
20090910.011500   0.412   7.800   180.0   30.0
20090910.013000   0.430   8.300   180.0   30.0
20090910.014500   0.349   8.944   180.0   30.0
20090910.020000   0.360   8.150   180.0   30.0
20090910.021500   0.439   8.500   180.0   30.0
20090910.023000   0.427   8.250   180.0   30.0
20090910.024500   0.441   8.550   180.0   30.0
20090910.030000   0.440   8.273   180.0   30.0
20090910.031500   0.416   7.818   180.0   30.0
20090910.033000   0.439   7.955   180.0   30.0
20090910.034500   0.388   8.000   180.0   30.0
20090910.040000   0.447   8.150   180.0   30.0
20090910.041500   0.419   8.611   180.0   30.0
20090910.043000   0.449   7.500   180.0   30.0
20090910.044500   0.445   7.950   180.0   30.0
20090910.050000   0.460   8.800   180.0   30.0
20090910.051500   0.440   7.750   180.0   30.0
20090910.053000   0.365   8.364   180.0   30.0
20090910.054500   0.386   7.591   180.0   30.0
20090910.060000   0.469   8.000   180.0   30.0
20090910.061500   0.347   8.050   180.0   30.0
20090910.063000   0.353   8.500   180.0   30.0
20090910.064500   0.423   8.050   180.0   30.0
20090910.070000   0.393   8.600   180.0   30.0
20090910.071500   0.368   7.800   180.0   30.0
20090910.073000   0.288   7.864   180.0   30.0
20090910.074500   0.317   8.273   180.0   30.0
20090910.080000   0.371   8.800   180.0   30.0
20090910.081500   0.414   8.545   180.0   30.0
20090910.083000   0.341   8.700   180.0   30.0
20090910.084500   0.417   8.850   180.0   30.0
20090910.090000   0.460   8.556   180.0   30.0
20090910.091500   0.436   7.950   180.0   30.0
20090910.093000   0.378   8.300   180.0   30.0
20090910.094500   0.369   9.000   180.0   30.0
20090910.100000   0.444   8.000   180.0   30.0
20090910.101500   0.405   8.850   180.0   30.0
20090910.103000   0.417   8.350   180.0   30.0
20090910.104500   0.348   8.045   180.0   30.0
20090910.110000   0.459   8.722   180.0   30.0
20090910.111500   0.474   8.100   180.0   30.0
20090910.113000   0.461   8.450   180.0   30.0
20090910.114500   0.494   8.100   180.0   30.0
20090910.120000   0.397   7.700   180.0   30.0
20090910.121500   0.390   7.818   180.0   30.0
20090910.123000   0.413   8.636   180.0   30.0
20090910.124500   0.449   7.682   180.0   30.0
20090910.130000   0.411   8.722   180.0   30.0
20090910.131500   0.393   8.455   180.0   30.0
20090910.133000   0.410   7.409   180.0   30.0
20090910.134500   0.485   8.000   180.0   30.0
20090910.140000   0.401   9.050   180.0   30.0
20090910.141500   0.425   8.182   180.0   30.0
20090910.143000   0.482   8.136   180.0   30.0
20090910.144500   0.517   8.300   180.0   30.0
20090910.150000   0.471   8.150   180.0   30.0
20090910.151500   0.443   8.550   180.0   30.0
20090910.153000   0.420   7.636   180.0   30.0
20090910.154500   0.371   8.042   180.0   30.0
20090910.160000   0.377   8.167   180.0   30.0
20090910.161500   0.439   7.950   180.0   30.0
20090910.163000   0.410   7.850   180.0   30.0
20090910.164500   0.430   7.944   180.0   30.0
20090910.170000   0.433   7.909   180.0   30.0
20090910.171500   0.484   8.000   180.0   30.0
20090910.173000   0.383   8.000   180.0   30.0
20090910.174500   0.385   7.682   180.0   30.0
20090910.180000   0.421   8.091   180.0   30.0
20090910.181500   0.353   8.000   180.0   30.0
20090910.183000   0.297   8.000   180.0   30.0
20090910.184500   0.384   7.864   180.0   30.0
20090910.190000   0.378   7.773   180.0   30.0
20090910.191500   0.373   7.409   180.0   30.0
20090910.193000   0.322   7.864   180.0   30.0
20090910.194500   0.333   8.000   180.0   30.0
20090910.200000   0.320   7.600   180.0   30.0
20090910.201500   0.411   8.100   180.0   30.0
20090910.203000   0.349   7.900   180.0   30.0
20090910.204500   0.414   8.100   180.0   30.0
20090910.210000   0.308   8.500   180.0   30.0
20090910.211500   0.375   8.136   180.0   30.0
20090910.213000   0.421   7.909   180.0   30.0
20090910.214500   0.297   7.455   180.0   30.0
20090910.220000   0.340   7.909   180.0   30.0
20090910.221500   0.408   8.450   180.0   30.0
20090910.223000   0.332   8.136   180.0   30.0
20090910.224500   0.302   8.200   180.0   30.0
20090910.230000   0.312   8.364   180.0   30.0
20090910.231500   0.295   8.611   180.0   30.0
20090910.233000   0.295   8.450   180.0   30.0
20090910.234500   0.339   7.950   180.0   30.0
20090911.000000   0.374   8.000   180.0   30.0
