TPAR
20100801.0900    1.350   11.199  180.000  30.0
20100801.1200    1.330   11.199  180.000  30.0
20100801.1500    1.301   11.199  180.000  30.0
20100801.1800    1.260   11.199  180.000  30.0
20100801.2100    1.230   11.199  180.000  30.0
20100802.0000    1.211   11.199  180.000  30.0
20100802.0300    1.199   11.199  180.000  30.0
20100802.0600    1.180   11.199  180.000  30.0
20100802.0900    1.150   11.199  180.000  30.0
20100802.1200    1.120   11.199  180.000  30.0
20100802.1500    1.090   11.199  180.000  30.0
20100802.1800    1.070   11.199  180.000  30.0
20100802.2100    1.060   11.199  180.000  30.0
20100803.0000    1.040   11.199  180.000  30.0
20100803.0300    1.020   11.199  180.000  30.0
20100803.0600    1.000   11.199  180.000  30.0
20100803.0900    0.990   11.199  180.000  30.0
20100803.1200    0.980   11.199  180.000  30.0
20100803.1500    0.970   11.199  180.000  30.0
20100803.1800    0.950   11.199  180.000  30.0
20100803.2100    0.940   11.199  180.000  30.0
20100804.0000    0.940   11.199  180.000  30.0
20100804.0300    0.950   11.199  180.000  30.0
20100804.0600    0.960   11.199  180.000  30.0
20100804.0900    0.970   11.199  180.000  30.0
20100804.1200    1.010   11.199  180.000  30.0
20100804.1500    1.040   11.199  180.000  30.0
20100804.1800    1.090   12.199  180.000  30.0
20100804.2100    1.150   11.199  180.000  30.0
20100805.0000    1.190   12.199  180.000  30.0
20100805.0300    1.210   11.199  180.000  30.0
20100805.0600    1.230   11.199  180.000  30.0
20100805.0900    1.270   11.199  180.000  30.0
20100805.1200    1.320   11.199  180.000  30.0
20100805.1500    1.320   11.199  180.000  30.0
20100805.1800    1.360   11.199  180.000  30.0
20100805.2100    1.470   11.199  180.000  30.0
20100806.0000    1.620   11.199  180.000  30.0
20100806.0300    1.660   11.199  180.000  30.0
20100806.0600    1.860   11.199  180.000  30.0
20100806.0900    2.300   10.301  180.000  30.0
20100806.1200    2.670   10.301  180.000  30.0
20100806.1500    2.760   10.301  180.000  30.0
20100806.1800    2.840   10.301  180.000  30.0
20100806.2100    3.020   10.301  180.000  30.0
20100807.0000    3.301   10.301  180.000  30.0
20100807.0300    3.290   10.301  180.000  30.0
20100807.0600    3.130   10.301  180.000  30.0
20100807.0900    3.080   10.301  180.000  30.0
20100807.1200    3.090   10.301  180.000  30.0
20100807.1500    3.000   10.301  180.000  30.0
20100807.1800    2.940   10.301  180.000  30.0
20100807.2100    2.790   10.301  180.000  30.0
20100808.0000    2.550   10.301  180.000  30.0
20100808.0300    2.550   10.301  180.000  30.0
20100808.0600    2.320   10.301  180.000  30.0
20100808.0900    2.950   10.301  180.000  30.0
20100808.1200    2.630   10.301  180.000  30.0
20100808.1500    3.051    9.398  180.000  30.0
20100808.1800    2.920    9.398  180.000  30.0
20100808.2100    2.881    9.398  180.000  30.0
20100809.0000    2.619    9.398  180.000  30.0
20100809.0300    2.471    9.398  180.000  30.0
20100809.0600    2.189    9.398  180.000  30.0
20100809.0900    1.859    9.398  180.000  30.0
20100809.1200    1.689    9.398  180.000  30.0
20100809.1500    1.689    9.398  180.000  30.0
20100809.1800    1.760    9.398  180.000  30.0
20100809.2100    2.039    9.398  180.000  30.0
20100810.0000    2.391    9.398  180.000  30.0
20100810.0300    2.510    9.398  180.000  30.0
20100810.0600    2.461    9.398  180.000  30.0
20100810.0900    2.420    8.602  180.000  30.0
20100810.1200    2.350    8.602  180.000  30.0
20100810.1500    2.209    8.602  180.000  30.0
20100810.1800    2.102    8.602  180.000  30.0
20100810.2100    2.070    8.602  180.000  30.0
20100811.0000    1.980    7.898  180.000  30.0
20100811.0300    1.852    7.898  180.000  30.0
20100811.0600    1.738    7.898  180.000  30.0
20100811.0900    1.650    7.898  180.000  30.0
20100811.1200    1.570    7.898  180.000  30.0
20100811.1500    1.459   11.199  180.000  30.0
20100811.1800    1.369   11.199  180.000  30.0
20100811.2100    1.320   11.199  180.000  30.0
20100812.0000    1.311   11.199  180.000  30.0
20100812.0300    1.330   11.199  180.000  30.0
20100812.0600    1.320   11.199  180.000  30.0
20100812.0900    1.301   11.199  180.000  30.0
20100812.1200    1.279   11.199  180.000  30.0
20100812.1500    1.250   11.199  180.000  30.0
20100812.1800    1.230   11.199  180.000  30.0
20100812.2100    1.230   11.199  180.000  30.0
20100813.0000    1.221   11.199  180.000  30.0
20100813.0300    1.211   11.199  180.000  30.0
20100813.0600    1.199   11.199  180.000  30.0
20100813.0900    1.189   11.199  180.000  30.0
20100813.1200    1.160   11.199  180.000  30.0
20100813.1500    1.131   11.199  180.000  30.0
20100813.1800    1.110   11.199  180.000  30.0
20100813.2100    1.100   11.199  180.000  30.0
20100814.0000    1.110   11.199  180.000  30.0
20100814.0300    1.120   11.199  180.000  30.0
20100814.0600    1.120   11.199  180.000  30.0
20100814.0900    1.100   11.199  180.000  30.0
20100814.1200    1.080   11.199  180.000  30.0
20100814.1500    1.060   11.199  180.000  30.0
20100814.1800    1.060   11.199  180.000  30.0
20100814.2100    1.080   11.199  180.000  30.0
20100815.0000    1.120   11.199  180.000  30.0
20100815.0300    1.150   11.199  180.000  30.0
20100815.0600    1.170   11.199  180.000  30.0
20100815.0900    1.180   11.199  180.000  30.0
20100815.1200    1.190   11.199  180.000  30.0
20100815.1500    1.200   11.199  180.000  30.0
20100815.1800    1.220   11.199  180.000  30.0
20100815.2100    1.230   11.199  180.000  30.0
20100816.0000    1.250   11.199  180.000  30.0
20100816.0300    1.280   11.199  180.000  30.0
20100816.0600    1.270   11.199  180.000  30.0
20100816.0900    1.250   11.199  180.000  30.0
20100816.1200    1.230   11.199  180.000  30.0
20100816.1500    1.211   11.199  180.000  30.0
20100816.1800    1.199   11.199  180.000  30.0
20100816.2100    1.220   11.199  180.000  30.0
20100817.0000    1.250   11.199  180.000  30.0
20100817.0300    1.280   11.199  180.000  30.0
20100817.0600    1.290   11.199  180.000  30.0
20100817.0900    1.310   11.199  180.000  30.0
20100817.1200    1.330   11.199  180.000  30.0
20100817.1500    1.350   10.301  180.000  30.0
20100817.1800    1.380   10.301  180.000  30.0
20100817.2100    1.370   10.301  180.000  30.0
20100818.0000    1.400   10.301  180.000  30.0
20100818.0300    1.450   10.301  180.000  30.0
20100818.0600    1.470   10.301  180.000  30.0
20100818.0900    1.470   10.301  180.000  30.0
20100818.1200    1.440   10.301  180.000  30.0
20100818.1500    1.420   10.301  180.000  30.0
20100818.1800    1.440   10.301  180.000  30.0
20100818.2100    1.520   10.301  180.000  30.0
20100819.0000    1.540   10.301  180.000  30.0
20100819.0300    1.530   10.301  180.000  30.0
20100819.0600    1.520   11.199  180.000  30.0
20100819.0900    1.500   11.199  180.000  30.0
20100819.1200    1.480   11.199  180.000  30.0
20100819.1500    1.460   11.199  180.000  30.0
20100819.1800    1.430   11.199  180.000  30.0
20100819.2100    1.400   11.199  180.000  30.0
20100820.0000    1.430   11.199  180.000  30.0
20100820.0300    1.430   11.199  180.000  30.0
20100820.0600    1.420   11.199  180.000  30.0
20100820.0900    1.400   11.199  180.000  30.0
20100820.1200    1.380   11.199  180.000  30.0
20100820.1500    1.350   11.199  180.000  30.0
20100820.1800    1.330   11.199  180.000  30.0
20100820.2100    1.320   11.199  180.000  30.0
20100821.0000    1.320   11.199  180.000  30.0
20100821.0300    1.360   11.199  180.000  30.0
20100821.0600    1.440   11.199  180.000  30.0
20100821.0900    1.470   11.199  180.000  30.0
20100821.1200    1.470   11.199  180.000  30.0
20100821.1500    1.470   11.199  180.000  30.0
20100821.1800    1.480   11.199  180.000  30.0
20100821.2100    1.480   10.301  180.000  30.0
20100822.0000    1.470   10.301  180.000  30.0
20100822.0300    1.460   10.301  180.000  30.0
20100822.0600    1.410   10.301  180.000  30.0
20100822.0900    1.370   10.301  180.000  30.0
20100822.1200    1.400    9.398  180.000  30.0
20100822.1500    1.430    9.398  180.000  30.0
20100822.1800    1.430    9.398  180.000  30.0
20100822.2100    1.450    9.398  180.000  30.0
20100823.0000    1.450   10.301  180.000  30.0
20100823.0300    1.420   10.301  180.000  30.0
20100823.0600    1.360   10.301  180.000  30.0
20100823.0900    1.390   10.301  180.000  30.0
20100823.1200    1.330   10.301  180.000  30.0
20100823.1500    1.300   10.301  180.000  30.0
20100823.1800    1.280   10.301  180.000  30.0
20100823.2100    1.310   11.199  180.000  30.0
20100824.0000    1.410   11.199  180.000  30.0
20100824.0300    1.400   11.199  180.000  30.0
20100824.0600    1.330   10.301  180.000  30.0
20100824.0900    1.350   10.301  180.000  30.0
20100824.1200    1.370   10.301  180.000  30.0
20100824.1500    1.420   10.301  180.000  30.0
20100824.1800    1.450   10.301  180.000  30.0
20100824.2100    1.520   10.301  180.000  30.0
20100825.0000    1.610   10.301  180.000  30.0
20100825.0300    1.570   10.301  180.000  30.0
20100825.0600    1.530   10.301  180.000  30.0
20100825.0900    1.520   10.301  180.000  30.0
20100825.1200    1.490   10.301  180.000  30.0
20100825.1500    1.440   10.301  180.000  30.0
20100825.1800    1.410   10.301  180.000  30.0
20100825.2100    1.410   10.301  180.000  30.0
20100826.0000    1.410   10.301  180.000  30.0
20100826.0300    1.390   10.301  180.000  30.0
20100826.0600    1.390   10.301  180.000  30.0
20100826.0900    1.380   10.301  180.000  30.0
20100826.1200    1.340   10.301  180.000  30.0
20100826.1500    1.330   10.301  180.000  30.0
20100826.1800    1.310   10.301  180.000  30.0
20100826.2100    1.300   10.301  180.000  30.0
20100827.0000    1.300   10.301  180.000  30.0
20100827.0300    1.290   10.301  180.000  30.0
20100827.0600    1.270   10.301  180.000  30.0
20100827.0900    1.260   10.301  180.000  30.0
20100827.1200    1.250   10.301  180.000  30.0
20100827.1500    1.230   10.301  180.000  30.0
20100827.1800    1.211   10.301  180.000  30.0
20100827.2100    1.189   10.301  180.000  30.0
20100828.0000    1.160   10.301  180.000  30.0
20100828.0300    1.141   10.301  180.000  30.0
20100828.0600    1.141   10.301  180.000  30.0
20100828.0900    1.141   10.301  180.000  30.0
20100828.1200    1.170   10.301  180.000  30.0
20100828.1500    1.211   10.301  180.000  30.0
20100828.1800    1.270   10.301  180.000  30.0
20100828.2100    1.340   10.301  180.000  30.0
20100829.0000    1.320   10.301  180.000  30.0
20100829.0300    1.330    9.398  180.000  30.0
20100829.0600    1.330    9.398  180.000  30.0
20100829.0900    1.320    9.398  180.000  30.0
20100829.1200    1.271   10.301  180.000  30.0
20100829.1500    1.190   10.301  180.000  30.0
20100829.1800    1.130   10.301  180.000  30.0
20100829.2100    1.100   10.301  180.000  30.0
20100830.0000    1.100   10.301  180.000  30.0
20100830.0300    1.141   10.301  180.000  30.0
20100830.0600    1.189   10.301  180.000  30.0
20100830.0900    1.270   10.301  180.000  30.0
20100830.1200    1.289   10.301  180.000  30.0
20100830.1500    1.289   10.301  180.000  30.0
20100830.1800    1.340    9.398  180.000  30.0
20100830.2100    1.811    9.398  180.000  30.0
20100831.0000    1.859    9.398  180.000  30.0
20100831.0300    1.680    9.398  180.000  30.0
20100831.0600    1.660   11.199  180.000  30.0
20100831.0900    1.699   11.199  180.000  30.0
20100831.1200    1.738   12.199  180.000  30.0
20100831.1500    1.781   12.199  180.000  30.0
20100831.1800    1.770   12.199  180.000  30.0
20100831.2100    1.680   12.199  180.000  30.0
20100901.0000    1.539   11.199  180.000  30.0
20100901.0300    1.512   11.199  180.000  30.0
20100901.0600    1.590   10.301  180.000  30.0
20100901.0900    1.629   10.301  180.000  30.0
20100901.1200    1.840    9.398  180.000  30.0
20100901.1500    2.059    9.398  180.000  30.0
20100901.1800    2.180    6.699  180.000  30.0
20100901.2100    2.260    7.301  180.000  30.0
20100902.0000    2.221   10.301  180.000  30.0
20100902.0300    2.270   10.301  180.000  30.0
20100902.0600    2.471    7.301  180.000  30.0
20100902.0900    2.630    7.301  180.000  30.0
20100902.1200    2.630    7.301  180.000  30.0
20100902.1500    2.550    9.398  180.000  30.0
20100902.1800    2.480    9.398  180.000  30.0
20100902.2100    2.420    9.398  180.000  30.0
20100903.0000    2.471    9.398  180.000  30.0
20100903.0300    2.570    9.398  180.000  30.0
20100903.0600    2.490    9.398  180.000  30.0
20100903.0900    2.340    9.398  180.000  30.0
20100903.1200    2.199    9.398  180.000  30.0
20100903.1500    2.070    9.398  180.000  30.0
20100903.1800    1.980    9.398  180.000  30.0
20100903.2100    1.840    9.398  180.000  30.0
20100904.0000    1.641    9.398  180.000  30.0
20100904.0300    1.500   10.301  180.000  30.0
20100904.0600    1.420   10.301  180.000  30.0
20100904.0900    1.391   10.301  180.000  30.0
20100904.1200    1.400   11.199  180.000  30.0
20100904.1500    1.400   11.199  180.000  30.0
20100904.1800    1.369   10.301  180.000  30.0
20100904.2100    1.230   10.301  180.000  30.0
20100905.0000    1.119   10.301  180.000  30.0
20100905.0300    1.051   11.199  180.000  30.0
20100905.0600    1.119   11.199  180.000  30.0
20100905.0900    1.311   10.301  180.000  30.0
20100905.1200    1.369   10.301  180.000  30.0
20100905.1500    1.400   10.301  180.000  30.0
20100905.1800    1.400   10.301  180.000  30.0
20100905.2100    1.449    8.602  180.000  30.0
20100906.0000    1.439    8.602  180.000  30.0
20100906.0300    1.439    8.602  180.000  30.0
20100906.0600    1.500    7.898  180.000  30.0
20100906.0900    1.500    7.898  180.000  30.0
20100906.1200    1.461    7.898  180.000  30.0
20100906.1500    1.369    7.898  180.000  30.0
20100906.1800    1.289    7.898  180.000  30.0
20100906.2100    1.240    7.898  180.000  30.0
20100907.0000    1.221   10.301  180.000  30.0
20100907.0300    1.250   10.301  180.000  30.0
20100907.0600    1.279   10.301  180.000  30.0
20100907.0900    1.439    7.898  180.000  30.0
20100907.1200    1.760    7.898  180.000  30.0
20100907.1500    2.131    7.898  180.000  30.0
20100907.1800    2.460    7.898  180.000  30.0
20100907.2100    2.730    7.898  180.000  30.0
20100908.0000    2.810    7.898  180.000  30.0
20100908.0300    2.840    7.898  180.000  30.0
20100908.0600    2.670    7.898  180.000  30.0
20100908.0900    2.540    7.898  180.000  30.0
20100908.1200    2.510    7.898  180.000  30.0
20100908.1500    2.370    7.898  180.000  30.0
20100908.1800    2.230    7.301  180.000  30.0
20100908.2100    2.100    7.301  180.000  30.0
20100909.0000    2.010    7.301  180.000  30.0
20100909.0300    2.000    7.301  180.000  30.0
20100909.0600    1.940    7.301  180.000  30.0
20100909.0900    1.860    7.301  180.000  30.0
20100909.1200    1.780    7.301  180.000  30.0
20100909.1500    1.820    7.301  180.000  30.0
20100909.1800    1.800    7.301  180.000  30.0
20100909.2100    1.790    7.301  180.000  30.0
20100910.0000    1.850    7.301  180.000  30.0
20100910.0300    1.930    7.301  180.000  30.0
20100910.0600    1.870    7.301  180.000  30.0
20100910.0900    1.859    7.301  180.000  30.0
20100910.1200    1.880    7.301  180.000  30.0
20100910.1500    1.891    7.301  180.000  30.0
20100910.1800    1.811    9.398  180.000  30.0
20100910.2100    1.760    9.398  180.000  30.0
20100911.0000    1.720    8.602  180.000  30.0
20100911.0300    1.620    8.602  180.000  30.0
20100911.0600    1.530    8.602  180.000  30.0
20100911.0900    1.450   10.301  180.000  30.0
20100911.1200    1.370   10.301  180.000  30.0
20100911.1500    1.300   10.301  180.000  30.0
20100911.1800    1.250   10.301  180.000  30.0
20100911.2100    1.210   10.301  180.000  30.0
20100912.0000    1.200   10.301  180.000  30.0
20100912.0300    1.190   10.301  180.000  30.0
20100912.0600    1.210   10.301  180.000  30.0
20100912.0900    1.200   10.301  180.000  30.0
20100912.1200    1.190   10.301  180.000  30.0
20100912.1500    1.200   10.301  180.000  30.0
20100912.1800    1.210   10.301  180.000  30.0
20100912.2100    1.230   10.301  180.000  30.0
20100913.0000    1.260   10.301  180.000  30.0
20100913.0300    1.270   10.301  180.000  30.0
20100913.0600    1.260   10.301  180.000  30.0
20100913.0900    1.250   10.301  180.000  30.0
20100913.1200    1.270   10.301  180.000  30.0
20100913.1500    1.260   10.301  180.000  30.0
20100913.1800    1.260   10.301  180.000  30.0
20100913.2100    1.280   10.301  180.000  30.0
20100914.0000    1.310   10.301  180.000  30.0
20100914.0300    1.340   10.301  180.000  30.0
20100914.0600    1.320   10.301  180.000  30.0
20100914.0900    1.310   10.301  180.000  30.0
20100914.1200    1.300   10.301  180.000  30.0
20100914.1500    1.280   10.301  180.000  30.0
20100914.1800    1.280   10.301  180.000  30.0
20100914.2100    1.290   10.301  180.000  30.0
20100915.0000    1.300   10.301  180.000  30.0
20100915.0300    1.310   10.301  180.000  30.0
20100915.0600    1.310   10.301  180.000  30.0
20100915.0900    1.300   10.301  180.000  30.0
20100915.1200    1.290   10.301  180.000  30.0
20100915.1500    1.290   10.301  180.000  30.0
20100915.1800    1.300   10.301  180.000  30.0
20100915.2100    1.350   10.301  180.000  30.0
20100916.0000    1.430   10.301  180.000  30.0
20100916.0300    1.500   10.301  180.000  30.0
20100916.0600    1.539   10.301  180.000  30.0
20100916.0900    1.600   10.301  180.000  30.0
20100916.1200    1.631   10.301  180.000  30.0
20100916.1500    1.619   10.301  180.000  30.0
20100916.1800    1.641   10.301  180.000  30.0
20100916.2100    1.730   10.301  180.000  30.0
20100917.0000    1.830   10.301  180.000  30.0
20100917.0300    1.840   10.301  180.000  30.0
20100917.0600    1.820   11.199  180.000  30.0
20100917.0900    1.939   11.199  180.000  30.0
20100917.1200    2.020   11.199  180.000  30.0
20100917.1500    1.980   11.199  180.000  30.0
20100917.1800    2.000   11.199  180.000  30.0
20100917.2100    2.080   11.199  180.000  30.0
20100918.0000    2.410   11.199  180.000  30.0
20100918.0300    2.711   12.199  180.000  30.0
20100918.0600    2.980   12.199  180.000  30.0
20100918.0900    3.691   12.199  180.000  30.0
20100918.1200    4.629   12.199  180.000  30.0
20100918.1500    6.230   12.199  180.000  30.0
20100918.1800    9.211   13.301  180.000  30.0
20100918.2100   10.199   12.199  180.000  30.0
20100919.0000    9.410   11.199  180.000  30.0
20100919.0300    7.730   10.301  180.000  30.0
20100919.0600    5.859    9.398  180.000  30.0
20100919.0900    4.859    9.398  180.000  30.0
20100919.1200    4.439    8.602  180.000  30.0
20100919.1500    4.311    8.602  180.000  30.0
20100919.1800    4.230    8.602  180.000  30.0
20100919.2100    4.090    8.602  180.000  30.0
20100920.0000    3.619    8.602  180.000  30.0
20100920.0300    3.221    8.602  180.000  30.0
20100920.0600    2.869    8.602  180.000  30.0
20100920.0900    2.680    7.898  180.000  30.0
20100920.1200    2.570    7.898  180.000  30.0
20100920.1500    2.381    7.898  180.000  30.0
20100920.1800    2.150    7.898  180.000  30.0
20100920.2100    1.950    7.898  180.000  30.0
20100921.0000    1.740    7.301  180.000  30.0
20100921.0300    1.570    7.301  180.000  30.0
20100921.0600    1.440    7.301  180.000  30.0
20100921.0900    1.360    7.301  180.000  30.0
20100921.1200    1.350   10.301  180.000  30.0
20100921.1500    1.350   10.301  180.000  30.0
20100921.1800    1.320   10.301  180.000  30.0
20100921.2100    1.320   10.301  180.000  30.0
20100922.0000    1.300   10.301  180.000  30.0
20100922.0300    1.270   10.301  180.000  30.0
20100922.0600    1.229   10.301  180.000  30.0
20100922.0900    1.180   11.199  180.000  30.0
20100922.1200    1.150   11.199  180.000  30.0
20100922.1500    1.131   11.199  180.000  30.0
20100922.1800    1.109   11.199  180.000  30.0
20100922.2100    1.080   11.199  180.000  30.0
20100923.0000    1.061   11.199  180.000  30.0
20100923.0300    1.039   11.199  180.000  30.0
20100923.0600    1.020   11.199  180.000  30.0
20100923.0900    1.000   11.199  180.000  30.0
20100923.1200    0.980   11.199  180.000  30.0
20100923.1500    0.971   11.199  180.000  30.0
20100923.1800    0.961   11.199  180.000  30.0
20100923.2100    1.010   11.199  180.000  30.0
20100924.0000    1.180   11.199  180.000  30.0
20100924.0300    1.289   11.199  180.000  30.0
20100924.0600    1.328   10.301  180.000  30.0
20100924.0900    1.371   10.301  180.000  30.0
20100924.1200    1.398   10.301  180.000  30.0
20100924.1500    1.398    9.398  180.000  30.0
20100924.1800    1.391    9.398  180.000  30.0
20100924.2100    1.340    8.602  180.000  30.0
20100925.0000    1.301   12.199  180.000  30.0
20100925.0300    1.309   12.199  180.000  30.0
20100925.0600    1.340   12.199  180.000  30.0
20100925.0900    1.398   12.199  180.000  30.0
20100925.1200    1.461    9.398  180.000  30.0
20100925.1500    1.512    9.398  180.000  30.0
20100925.1800    1.441    9.398  180.000  30.0
20100925.2100    1.340    9.398  180.000  30.0
20100926.0000    1.250    9.398  180.000  30.0
20100926.0300    1.172    9.398  180.000  30.0
20100926.0600    1.078    9.398  180.000  30.0
20100926.0900    1.031    9.398  180.000  30.0
20100926.1200    1.000   11.203  180.000  30.0
20100926.1500    0.971   11.203  180.000  30.0
20100926.1800    0.939   11.199  180.000  30.0
20100926.2100    0.910   11.199  180.000  30.0
20100927.0000    0.891   11.199  180.000  30.0
20100927.0300    0.869   11.199  180.000  30.0
20100927.0600    0.870   11.199  180.000  30.0
20100927.0900    0.860   11.199  180.000  30.0
20100927.1200    0.860   11.199  180.000  30.0
20100927.1500    0.870   11.199  180.000  30.0
20100927.1800    0.880   11.199  180.000  30.0
20100927.2100    0.900   11.199  180.000  30.0
20100928.0000    0.910   11.199  180.000  30.0
20100928.0300    0.930   11.199  180.000  30.0
20100928.0600    0.940   11.199  180.000  30.0
20100928.0900    0.960   12.199  180.000  30.0
20100928.1200    0.970   12.199  180.000  30.0
20100928.1500    0.990   12.199  180.000  30.0
20100928.1800    1.040   12.199  180.000  30.0
20100928.2100    1.080   12.199  180.000  30.0
20100929.0000    1.109   12.199  180.000  30.0
20100929.0300    1.119   11.199  180.000  30.0
20100929.0600    1.119   11.199  180.000  30.0
20100929.0900    1.109   11.199  180.000  30.0
20100929.1200    1.119   11.199  180.000  30.0
20100929.1500    1.131   11.199  180.000  30.0
20100929.1800    1.150   11.199  180.000  30.0
20100929.2100    1.189   11.199  180.000  30.0
20100930.0000    1.230   11.199  180.000  30.0
20100930.0300    1.260   11.199  180.000  30.0
20100930.0600    1.289   11.199  180.000  30.0
20100930.0900    1.301   11.199  180.000  30.0
20100930.1200    1.330   11.199  180.000  30.0
20100930.1500    1.359   11.199  180.000  30.0
20100930.1800    1.350   11.199  180.000  30.0
20100930.2100    1.369   11.199  180.000  30.0
20101001.0000    1.410   11.199  180.000  30.0
20101001.0300    1.420   11.199  180.000  30.0
20101001.0600    1.420   10.301  180.000  30.0
